_ws.col.Time,_ws.col.Source,_ws.col.Destination,_ws.col.Protocol,_ws.col.Length,_ws.col.Info
"0.000000","172.19.0.3","5.9.29.183","TLSv1.2","599","Application Data"
"0.000330","5.9.29.183","172.19.0.3","TCP","56","9002 → 43520 [ACK] Seq=1 Ack=544 Win=65535 Len=0"
"0.300509","5.9.29.183","172.19.0.3","TLSv1.2","599","Application Data"
"0.300539","172.19.0.3","5.9.29.183","TCP","56","43520 → 9002 [ACK] Seq=544 Ack=544 Win=8466 Len=0"
"0.301252","172.19.0.3","5.9.29.183","TLSv1.2","2141","Application Data"
"0.301458","5.9.29.183","172.19.0.3","TCP","56","9002 → 43520 [ACK] Seq=544 Ack=2629 Win=65535 Len=0"
"0.821465","5.9.29.183","172.19.0.3","TLSv1.2","599","Application Data"
"0.862399","172.19.0.3","5.9.29.183","TCP","56","43520 → 9002 [ACK] Seq=2629 Ack=1087 Win=8466 Len=0"
"0.937208","5.9.29.183","172.19.0.3","TCP","1504","[TCP segment of a reassembled PDU]"
"0.937230","172.19.0.3","5.9.29.183","TCP","56","43520 → 9002 [ACK] Seq=2629 Ack=2535 Win=8466 Len=0"
"0.937244","5.9.29.183","172.19.0.3","TLSv1.2","179","Application Data"
"0.937265","172.19.0.3","5.9.29.183","TCP","56","43520 → 9002 [ACK] Seq=2629 Ack=2658 Win=8466 Len=0"
"0.940294","172.19.0.3","5.9.29.183","TLSv1.2","599","Application Data"
"0.940469","5.9.29.183","172.19.0.3","TCP","56","9002 → 43520 [ACK] Seq=2658 Ack=3172 Win=65535 Len=0"
"1.246527","5.9.29.183","172.19.0.3","TLSv1.2","599","Application Data"
"1.247093","172.19.0.3","5.9.29.183","TLSv1.2","599","Application Data"
"1.247388","5.9.29.183","172.19.0.3","TCP","56","9002 → 43520 [ACK] Seq=3201 Ack=3715 Win=65535 Len=0"
"1.580035","5.9.29.183","172.19.0.3","TCP","1516","[TCP segment of a reassembled PDU]"
"1.580052","5.9.29.183","172.19.0.3","TCP","1516","9002 → 43520 [PSH, ACK] Seq=4661 Ack=3715 Win=65535 Len=1460 [TCP segment of a reassembled PDU]"
"1.580057","5.9.29.183","172.19.0.3","TLSv1.2","763","Application Data"
"1.580159","172.19.0.3","5.9.29.183","TCP","56","43520 → 9002 [ACK] Seq=3715 Ack=6828 Win=8448 Len=0"
"1.615390","5.9.29.183","172.19.0.3","TCP","1516","[TCP segment of a reassembled PDU]"
"1.615412","5.9.29.183","172.19.0.3","TCP","1516","9002 → 43520 [PSH, ACK] Seq=8288 Ack=3715 Win=65535 Len=1460 [TCP segment of a reassembled PDU]"
"1.615421","172.19.0.3","5.9.29.183","TCP","56","43520 → 9002 [ACK] Seq=3715 Ack=9748 Win=8458 Len=0"
"1.615422","5.9.29.183","172.19.0.3","TLSv1.2","1516","Application Data [TCP segment of a reassembled PDU]"
"1.615424","5.9.29.183","172.19.0.3","TCP","1201","9002 → 43520 [PSH, ACK] Seq=11208 Ack=3715 Win=65535 Len=1145 [TCP segment of a reassembled PDU]"
"1.615545","172.19.0.3","5.9.29.183","TCP","56","43520 → 9002 [ACK] Seq=3715 Ack=12353 Win=8442 Len=0"
"1.631292","5.9.29.183","172.19.0.3","TLSv1.2","1516","Application Data [TCP segment of a reassembled PDU]"
"1.631318","5.9.29.183","172.19.0.3","TCP","1492","9002 → 43520 [PSH, ACK] Seq=13813 Ack=3715 Win=65535 Len=1436 [TCP segment of a reassembled PDU]"
"1.631337","172.19.0.3","5.9.29.183","TCP","56","43520 → 9002 [ACK] Seq=3715 Ack=15249 Win=8458 Len=0"
"1.631339","5.9.29.183","172.19.0.3","TLSv1.2","974","Application Data"
"1.631611","172.19.0.3","5.9.29.183","TLSv1.2","599","Application Data"
"1.631767","5.9.29.183","172.19.0.3","TCP","56","9002 → 43520 [ACK] Seq=16167 Ack=4258 Win=65535 Len=0"
"1.660133","5.9.29.183","172.19.0.3","TCP","1504","[TCP segment of a reassembled PDU]"
"1.660152","5.9.29.183","172.19.0.3","TCP","1516","9002 → 43520 [PSH, ACK] Seq=17615 Ack=4258 Win=65535 Len=1460 [TCP segment of a reassembled PDU]"
"1.660162","172.19.0.3","5.9.29.183","TCP","56","43520 → 9002 [ACK] Seq=4258 Ack=19075 Win=8458 Len=0"
"1.660251","5.9.29.183","172.19.0.3","TLSv1.2","1516","Application Data [TCP segment of a reassembled PDU]"
"1.660255","5.9.29.183","172.19.0.3","TCP","1516","9002 → 43520 [PSH, ACK] Seq=20535 Ack=4258 Win=65535 Len=1460 [TCP segment of a reassembled PDU]"
"1.660258","5.9.29.183","172.19.0.3","TCP","1201","9002 → 43520 [PSH, ACK] Seq=21995 Ack=4258 Win=65535 Len=1145 [TCP segment of a reassembled PDU]"
"1.660313","172.19.0.3","5.9.29.183","TCP","56","43520 → 9002 [ACK] Seq=4258 Ack=23140 Win=8434 Len=0"
"1.685214","5.9.29.183","172.19.0.3","TLSv1.2","1394","Application Data, Application Data"
"1.685319","5.9.29.183","172.19.0.3","TCP","1504","[TCP segment of a reassembled PDU]"
"1.685330","172.19.0.3","5.9.29.183","TCP","56","43520 → 9002 [ACK] Seq=4258 Ack=25926 Win=8458 Len=0"
"1.707728","5.9.29.183","172.19.0.3","TLSv1.2","1504","Application Data [TCP segment of a reassembled PDU]"
"1.707755","5.9.29.183","172.19.0.3","TCP","1516","9002 → 43520 [PSH, ACK] Seq=27374 Ack=4258 Win=65535 Len=1460 [TCP segment of a reassembled PDU]"
"1.707769","172.19.0.3","5.9.29.183","TCP","56","43520 → 9002 [ACK] Seq=4258 Ack=28834 Win=8458 Len=0"
"1.707772","5.9.29.183","172.19.0.3","TCP","1492","9002 → 43520 [PSH, ACK] Seq=28834 Ack=4258 Win=65535 Len=1436 [TCP segment of a reassembled PDU]"
"1.707905","5.9.29.183","172.19.0.3","TCP","136","9002 → 43520 [PSH, ACK] Seq=30270 Ack=4258 Win=65535 Len=80 [TCP segment of a reassembled PDU]"
"1.707955","5.9.29.183","172.19.0.3","TLSv1.2","953","Application Data, Application Data"
"1.708011","172.19.0.3","5.9.29.183","TCP","56","43520 → 9002 [ACK] Seq=4258 Ack=31247 Win=8440 Len=0"
"1.708398","172.19.0.3","5.9.29.183","TLSv1.2","599","Application Data"
"1.708538","5.9.29.183","172.19.0.3","TCP","56","9002 → 43520 [ACK] Seq=31247 Ack=4801 Win=65535 Len=0"
"1.713273","5.9.29.183","172.19.0.3","TCP","1516","[TCP segment of a reassembled PDU]"
"1.713322","5.9.29.183","172.19.0.3","TCP","1492","9002 → 43520 [PSH, ACK] Seq=32707 Ack=4801 Win=65535 Len=1436 [TCP segment of a reassembled PDU]"
"1.713335","172.19.0.3","5.9.29.183","TCP","56","43520 → 9002 [ACK] Seq=4801 Ack=34143 Win=8458 Len=0"
"1.713337","5.9.29.183","172.19.0.3","TLSv1.2","1516","Application Data [TCP segment of a reassembled PDU]"
"1.713348","5.9.29.183","172.19.0.3","TCP","1516","9002 → 43520 [PSH, ACK] Seq=35603 Ack=4801 Win=65535 Len=1460 [TCP segment of a reassembled PDU]"
"1.713351","5.9.29.183","172.19.0.3","TCP","1516","9002 → 43520 [PSH, ACK] Seq=37063 Ack=4801 Win=65535 Len=1460 [TCP segment of a reassembled PDU]"
"1.713439","5.9.29.183","172.19.0.3","TLSv1.2","1468","Application Data [TCP segment of a reassembled PDU]"
"1.713500","172.19.0.3","5.9.29.183","TCP","56","43520 → 9002 [ACK] Seq=4801 Ack=39935 Win=8426 Len=0"
"1.737022","5.9.29.183","172.19.0.3","TLSv1.2","193","Application Data"
"1.771270","5.9.29.183","172.19.0.3","TCP","1516","[TCP segment of a reassembled PDU]"
"1.771288","172.19.0.3","5.9.29.183","TCP","56","43520 → 9002 [ACK] Seq=4801 Ack=41532 Win=8466 Len=0"
"1.771299","5.9.29.183","172.19.0.3","TLSv1.2","681","Application Data"
"1.774778","172.19.0.3","5.9.29.183","TLSv1.2","599","Application Data"
"1.775030","5.9.29.183","172.19.0.3","TCP","56","9002 → 43520 [ACK] Seq=42157 Ack=5344 Win=65535 Len=0"
"2.139499","5.9.29.183","172.19.0.3","TLSv1.2","599","Application Data"
"2.140051","172.19.0.3","5.9.29.183","TLSv1.2","599","Application Data"
"2.140243","5.9.29.183","172.19.0.3","TCP","56","9002 → 43520 [ACK] Seq=42700 Ack=5887 Win=65535 Len=0"
"2.495390","5.9.29.183","172.19.0.3","TLSv1.2","599","Application Data"
"2.504162","5.9.29.183","172.19.0.3","TCP","1516","[TCP segment of a reassembled PDU]"
"2.504180","172.19.0.3","5.9.29.183","TCP","56","43520 → 9002 [ACK] Seq=5887 Ack=44703 Win=8466 Len=0"
"2.504192","5.9.29.183","172.19.0.3","TCP","1516","9002 → 43520 [PSH, ACK] Seq=44703 Ack=5887 Win=65535 Len=1460 [TCP segment of a reassembled PDU]"
"2.504199","5.9.29.183","172.19.0.3","TLSv1.2","1516","Application Data [TCP segment of a reassembled PDU]"
"2.504201","5.9.29.183","172.19.0.3","TCP","1468","9002 → 43520 [PSH, ACK] Seq=47623 Ack=5887 Win=65535 Len=1412 [TCP segment of a reassembled PDU]"
"2.504203","5.9.29.183","172.19.0.3","TCP","1504","9002 → 43520 [PSH, ACK] Seq=49035 Ack=5887 Win=65535 Len=1448 [TCP segment of a reassembled PDU]"
"2.504326","172.19.0.3","5.9.29.183","TCP","56","43520 → 9002 [ACK] Seq=5887 Ack=50483 Win=8434 Len=0"
"2.514427","5.9.29.183","172.19.0.3","TLSv1.2","70","Application Data"
"2.546919","5.9.29.183","172.19.0.3","TCP","1516","[TCP segment of a reassembled PDU]"
"2.546933","172.19.0.3","5.9.29.183","TCP","56","43520 → 9002 [ACK] Seq=5887 Ack=51957 Win=8466 Len=0"
"2.546941","5.9.29.183","172.19.0.3","TCP","1516","9002 → 43520 [PSH, ACK] Seq=51957 Ack=5887 Win=65535 Len=1460 [TCP segment of a reassembled PDU]"
"2.546945","5.9.29.183","172.19.0.3","TLSv1.2","1213","Application Data"
"2.547056","172.19.0.3","5.9.29.183","TCP","56","43520 → 9002 [ACK] Seq=5887 Ack=54574 Win=8450 Len=0"
"2.569039","5.9.29.183","172.19.0.3","TLSv1.2","149","Application Data"
"2.587412","5.9.29.183","172.19.0.3","TCP","1516","[TCP segment of a reassembled PDU]"
"2.587437","172.19.0.3","5.9.29.183","TCP","56","43520 → 9002 [ACK] Seq=5887 Ack=56127 Win=8466 Len=0"
"2.587450","5.9.29.183","172.19.0.3","TCP","1492","9002 → 43520 [PSH, ACK] Seq=56127 Ack=5887 Win=65535 Len=1436 [TCP segment of a reassembled PDU]"
"2.587696","5.9.29.183","172.19.0.3","TLSv1.2","1516","Application Data [TCP segment of a reassembled PDU]"
"2.587704","5.9.29.183","172.19.0.3","TCP","1516","9002 → 43520 [PSH, ACK] Seq=59023 Ack=5887 Win=65535 Len=1460 [TCP segment of a reassembled PDU]"
"2.587708","5.9.29.183","172.19.0.3","TCP","1480","9002 → 43520 [PSH, ACK] Seq=60483 Ack=5887 Win=65535 Len=1424 [TCP segment of a reassembled PDU]"
"2.587711","5.9.29.183","172.19.0.3","TLSv1.2","584","Application Data"
"2.587794","172.19.0.3","5.9.29.183","TCP","56","43520 → 9002 [ACK] Seq=5887 Ack=62435 Win=8426 Len=0"
"2.603711","5.9.29.183","172.19.0.3","TCP","1504","[TCP segment of a reassembled PDU]"
"2.603736","5.9.29.183","172.19.0.3","TLSv1.2","1207","Application Data"
"2.603746","172.19.0.3","5.9.29.183","TCP","56","43520 → 9002 [ACK] Seq=5887 Ack=65034 Win=8456 Len=0"
"2.604135","172.19.0.3","5.9.29.183","TLSv1.2","599","Application Data"
"2.604375","5.9.29.183","172.19.0.3","TCP","56","9002 → 43520 [ACK] Seq=65034 Ack=6430 Win=65535 Len=0"
"2.614209","172.19.0.3","5.9.29.183","TLSv1.2","599","Application Data"
"2.614405","5.9.29.183","172.19.0.3","TCP","56","9002 → 43520 [ACK] Seq=65034 Ack=6973 Win=65535 Len=0"
"3.099260","5.9.29.183","172.19.0.3","TLSv1.2","599","Application Data"
"3.099792","172.19.0.3","5.9.29.183","TLSv1.2","599","Application Data"
"3.099977","5.9.29.183","172.19.0.3","TCP","56","9002 → 43520 [ACK] Seq=65577 Ack=7516 Win=65535 Len=0"
"3.390595","5.9.29.183","172.19.0.3","TCP","1516","[TCP segment of a reassembled PDU]"
"3.390620","5.9.29.183","172.19.0.3","TCP","1516","9002 → 43520 [PSH, ACK] Seq=67037 Ack=7516 Win=65535 Len=1460 [TCP segment of a reassembled PDU]"
"3.390625","5.9.29.183","172.19.0.3","TLSv1.2","763","Application Data"
"3.390716","172.19.0.3","5.9.29.183","TCP","56","43520 → 9002 [ACK] Seq=7516 Ack=69204 Win=8450 Len=0"
"3.438181","5.9.29.183","172.19.0.3","TCP","1516","[TCP segment of a reassembled PDU]"
"3.438199","5.9.29.183","172.19.0.3","TCP","1516","9002 → 43520 [PSH, ACK] Seq=70664 Ack=7516 Win=65535 Len=1460 [TCP segment of a reassembled PDU]"
"3.438212","172.19.0.3","5.9.29.183","TCP","56","43520 → 9002 [ACK] Seq=7516 Ack=72124 Win=8458 Len=0"
"3.438213","5.9.29.183","172.19.0.3","TLSv1.2","763","Application Data"
"3.455049","5.9.29.183","172.19.0.3","TCP","1516","[TCP segment of a reassembled PDU]"
"3.455066","172.19.0.3","5.9.29.183","TCP","56","43520 → 9002 [ACK] Seq=7516 Ack=74291 Win=8466 Len=0"
"3.455087","5.9.29.183","172.19.0.3","TCP","1492","9002 → 43520 [PSH, ACK] Seq=74291 Ack=7516 Win=65535 Len=1436 [TCP segment of a reassembled PDU]"
"3.455093","5.9.29.183","172.19.0.3","TLSv1.2","1330","Application Data, Application Data"
"3.455218","172.19.0.3","5.9.29.183","TCP","56","43520 → 9002 [ACK] Seq=7516 Ack=77001 Win=8450 Len=0"
"3.489058","5.9.29.183","172.19.0.3","TCP","1516","[TCP segment of a reassembled PDU]"
"3.489082","5.9.29.183","172.19.0.3","TCP","1516","9002 → 43520 [PSH, ACK] Seq=78461 Ack=7516 Win=65535 Len=1460 [TCP segment of a reassembled PDU]"
"3.489092","172.19.0.3","5.9.29.183","TCP","56","43520 → 9002 [ACK] Seq=7516 Ack=79921 Win=8458 Len=0"
"3.489094","5.9.29.183","172.19.0.3","TLSv1.2","1213","Application Data"
"3.489097","5.9.29.183","172.19.0.3","TCP","1516","[TCP segment of a reassembled PDU]"
"3.489101","5.9.29.183","172.19.0.3","TCP","1492","9002 → 43520 [PSH, ACK] Seq=82538 Ack=7516 Win=65535 Len=1436 [TCP segment of a reassembled PDU]"
"3.489240","172.19.0.3","5.9.29.183","TCP","56","43520 → 9002 [ACK] Seq=7516 Ack=83974 Win=8434 Len=0"
"3.506956","5.9.29.183","172.19.0.3","TLSv1.2","1394","Application Data, Application Data"
"3.516086","5.9.29.183","172.19.0.3","TCP","1516","[TCP segment of a reassembled PDU]"
"3.516126","172.19.0.3","5.9.29.183","TCP","56","43520 → 9002 [ACK] Seq=7516 Ack=86772 Win=8466 Len=0"
"3.516139","5.9.29.183","172.19.0.3","TCP","1492","9002 → 43520 [PSH, ACK] Seq=86772 Ack=7516 Win=65535 Len=1436 [TCP segment of a reassembled PDU]"
"3.516144","5.9.29.183","172.19.0.3","TLSv1.2","1516","Application Data [TCP segment of a reassembled PDU]"
"3.516225","5.9.29.183","172.19.0.3","TCP","1516","9002 → 43520 [PSH, ACK] Seq=89668 Ack=7516 Win=65535 Len=1460 [TCP segment of a reassembled PDU]"
"3.516229","5.9.29.183","172.19.0.3","TCP","1480","9002 → 43520 [PSH, ACK] Seq=91128 Ack=7516 Win=65535 Len=1424 [TCP segment of a reassembled PDU]"
"3.516289","172.19.0.3","5.9.29.183","TCP","56","43520 → 9002 [ACK] Seq=7516 Ack=92552 Win=8434 Len=0"
"3.523233","5.9.29.183","172.19.0.3","TLSv1.2","584","Application Data"
"3.523503","172.19.0.3","5.9.29.183","TLSv1.2","599","Application Data"
"3.523785","5.9.29.183","172.19.0.3","TCP","56","9002 → 43520 [ACK] Seq=93080 Ack=8059 Win=65535 Len=0"
"3.532112","5.9.29.183","172.19.0.3","TCP","1516","[TCP segment of a reassembled PDU]"
"3.532142","5.9.29.183","172.19.0.3","TCP","1402","9002 → 43520 [PSH, ACK] Seq=94540 Ack=8059 Win=65535 Len=1346 [TCP segment of a reassembled PDU]"
"3.532147","5.9.29.183","172.19.0.3","TLSv1.2","1516","Application Data [TCP segment of a reassembled PDU]"
"3.532149","5.9.29.183","172.19.0.3","TCP","1516","9002 → 43520 [PSH, ACK] Seq=97346 Ack=8059 Win=65535 Len=1460 [TCP segment of a reassembled PDU]"
"3.532151","5.9.29.183","172.19.0.3","TCP","1516","9002 → 43520 [PSH, ACK] Seq=98806 Ack=8059 Win=65535 Len=1460 [TCP segment of a reassembled PDU]"
"3.532153","5.9.29.183","172.19.0.3","TCP","110","9002 → 43520 [PSH, ACK] Seq=100266 Ack=8059 Win=65535 Len=54 [TCP segment of a reassembled PDU]"
"3.532246","172.19.0.3","5.9.29.183","TCP","56","43520 → 9002 [ACK] Seq=8059 Ack=100320 Win=8432 Len=0"
"3.532365","5.9.29.183","172.19.0.3","TLSv1.2","1504","Application Data [TCP segment of a reassembled PDU]"
"3.541880","5.9.29.183","172.19.0.3","TLSv1.2","193","Application Data"
"3.541898","172.19.0.3","5.9.29.183","TCP","56","43520 → 9002 [ACK] Seq=8059 Ack=101905 Win=8466 Len=0"
"3.588249","5.9.29.183","172.19.0.3","TCP","1516","[TCP segment of a reassembled PDU]"
"3.588271","5.9.29.183","172.19.0.3","TCP","1516","9002 → 43520 [PSH, ACK] Seq=103365 Ack=8059 Win=65535 Len=1460 [TCP segment of a reassembled PDU]"
"3.588279","5.9.29.183","172.19.0.3","TLSv1.2","249","Application Data"
"3.588392","172.19.0.3","5.9.29.183","TCP","56","43520 → 9002 [ACK] Seq=8059 Ack=105018 Win=8450 Len=0"
"3.603893","5.9.29.183","172.19.0.3","TCP","1516","[TCP segment of a reassembled PDU]"
"3.603912","5.9.29.183","172.19.0.3","TCP","1516","9002 → 43520 [PSH, ACK] Seq=106478 Ack=8059 Win=65535 Len=1460 [TCP segment of a reassembled PDU]"
"3.603924","172.19.0.3","5.9.29.183","TCP","56","43520 → 9002 [ACK] Seq=8059 Ack=107938 Win=8458 Len=0"
"3.603926","5.9.29.183","172.19.0.3","TLSv1.2","1480","Application Data [TCP segment of a reassembled PDU]"
"3.625871","5.9.29.183","172.19.0.3","TLSv1.2","910","Application Data"
"3.625891","172.19.0.3","5.9.29.183","TCP","56","43520 → 9002 [ACK] Seq=8059 Ack=110216 Win=8466 Len=0"
"3.626037","5.9.29.183","172.19.0.3","TCP","1504","[TCP segment of a reassembled PDU]"
"3.626043","5.9.29.183","172.19.0.3","TCP","1516","9002 → 43520 [PSH, ACK] Seq=111664 Ack=8059 Win=65535 Len=1460 [TCP segment of a reassembled PDU]"
"3.626045","5.9.29.183","172.19.0.3","TLSv1.2","1492","Application Data [TCP segment of a reassembled PDU]"
"3.626115","5.9.29.183","172.19.0.3","TCP","1504","9002 → 43520 [PSH, ACK] Seq=114560 Ack=8059 Win=65535 Len=1448 [TCP segment of a reassembled PDU]"
"3.626220","5.9.29.183","172.19.0.3","TCP","1504","9002 → 43520 [PSH, ACK] Seq=116008 Ack=8059 Win=65535 Len=1448 [TCP segment of a reassembled PDU]"
"3.626269","172.19.0.3","5.9.29.183","TCP","56","43520 → 9002 [ACK] Seq=8059 Ack=117456 Win=8424 Len=0"
"3.645007","5.9.29.183","172.19.0.3","TLSv1.2","1127","Application Data, Application Data"
"3.645415","172.19.0.3","5.9.29.183","TLSv1.2","1113","Application Data"
"3.645600","5.9.29.183","172.19.0.3","TCP","56","9002 → 43520 [ACK] Seq=118527 Ack=9116 Win=65535 Len=0"
"3.661092","5.9.29.183","172.19.0.3","TCP","1516","[TCP segment of a reassembled PDU]"
"3.661121","5.9.29.183","172.19.0.3","TCP","1516","9002 → 43520 [PSH, ACK] Seq=119987 Ack=9116 Win=65535 Len=1460 [TCP segment of a reassembled PDU]"
"3.661129","5.9.29.183","172.19.0.3","TLSv1.2","1516","Application Data [TCP segment of a reassembled PDU]"
"3.661135","5.9.29.183","172.19.0.3","TCP","1516","9002 → 43520 [PSH, ACK] Seq=122907 Ack=9116 Win=65535 Len=1460 [TCP segment of a reassembled PDU]"
"3.661140","5.9.29.183","172.19.0.3","TCP","1516","9002 → 43520 [PSH, ACK] Seq=124367 Ack=9116 Win=65535 Len=1460 [TCP segment of a reassembled PDU]"
"3.661222","5.9.29.183","172.19.0.3","TLSv1.2","1516","Application Data [TCP segment of a reassembled PDU]"
"3.661261","5.9.29.183","172.19.0.3","TCP","1432","9002 → 43520 [PSH, ACK] Seq=127287 Ack=9116 Win=65535 Len=1376 [TCP segment of a reassembled PDU]"
"3.661267","5.9.29.183","172.19.0.3","TCP","1516","9002 → 43520 [PSH, ACK] Seq=128663 Ack=9116 Win=65535 Len=1460 [TCP segment of a reassembled PDU]"
"3.661293","5.9.29.183","172.19.0.3","TLSv1.2","1516","Application Data [TCP segment of a reassembled PDU]"
"3.661313","5.9.29.183","172.19.0.3","TCP","1516","9002 → 43520 [PSH, ACK] Seq=131583 Ack=9116 Win=65535 Len=1460 [TCP segment of a reassembled PDU]"
"3.661317","5.9.29.183","172.19.0.3","TLSv1.2","562","Application Data"
"3.661381","172.19.0.3","5.9.29.183","TCP","56","43520 → 9002 [ACK] Seq=9116 Ack=133549 Win=8385 Len=0"
"3.719200","5.9.29.183","172.19.0.3","TCP","1516","[TCP segment of a reassembled PDU]"
"3.719224","5.9.29.183","172.19.0.3","TCP","1516","9002 → 43520 [PSH, ACK] Seq=135009 Ack=9116 Win=65535 Len=1460 [TCP segment of a reassembled PDU]"
"3.719236","172.19.0.3","5.9.29.183","TCP","56","43520 → 9002 [ACK] Seq=9116 Ack=136469 Win=8458 Len=0"
"3.719237","5.9.29.183","172.19.0.3","TLSv1.2","1213","Application Data"
"3.721207","172.19.0.3","5.9.29.183","TLSv1.2","599","Application Data"
"3.721448","5.9.29.183","172.19.0.3","TCP","56","9002 → 43520 [ACK] Seq=137626 Ack=9659 Win=65535 Len=0"
"3.731262","172.19.0.3","5.9.29.183","TLSv1.2","599","Application Data"
"3.731464","5.9.29.183","172.19.0.3","TCP","56","9002 → 43520 [ACK] Seq=137626 Ack=10202 Win=65535 Len=0"
"3.738910","5.9.29.183","172.19.0.3","TLSv1.2","149","Application Data"
"3.781871","172.19.0.3","5.9.29.183","TCP","56","43520 → 9002 [ACK] Seq=10202 Ack=137719 Win=8466 Len=0"
"4.072809","5.9.29.183","172.19.0.3","TLSv1.2","599","Application Data"
"4.072856","172.19.0.3","5.9.29.183","TCP","56","43520 → 9002 [ACK] Seq=10202 Ack=138262 Win=8466 Len=0"
"4.073440","172.19.0.3","5.9.29.183","TLSv1.2","599","Application Data"
"4.073600","5.9.29.183","172.19.0.3","TCP","56","9002 → 43520 [ACK] Seq=138262 Ack=10745 Win=65535 Len=0"
"4.379171","5.9.29.183","172.19.0.3","TLSv1.2","599","Application Data"
"4.422340","172.19.0.3","5.9.29.183","TCP","56","43520 → 9002 [ACK] Seq=10745 Ack=138805 Win=8466 Len=0"
"4.464358","5.9.29.183","172.19.0.3","TCP","1516","[TCP segment of a reassembled PDU]"
"4.464376","172.19.0.3","5.9.29.183","TCP","56","43520 → 9002 [ACK] Seq=10745 Ack=140265 Win=8466 Len=0"
"4.464411","5.9.29.183","172.19.0.3","TCP","1516","9002 → 43520 [PSH, ACK] Seq=140265 Ack=10745 Win=65535 Len=1460 [TCP segment of a reassembled PDU]"
"4.464422","172.19.0.3","5.9.29.183","TCP","56","43520 → 9002 [ACK] Seq=10745 Ack=141725 Win=8458 Len=0"
"4.464423","5.9.29.183","172.19.0.3","TLSv1.2","763","Application Data"
"4.464427","172.19.0.3","5.9.29.183","TCP","56","43520 → 9002 [ACK] Seq=10745 Ack=142432 Win=8453 Len=0"
"4.467880","172.19.0.3","5.9.29.183","TLSv1.2","599","Application Data"
"4.468072","5.9.29.183","172.19.0.3","TCP","56","9002 → 43520 [ACK] Seq=142432 Ack=11288 Win=65535 Len=0"
"4.844007","5.9.29.183","172.19.0.3","TLSv1.2","599","Application Data"
"4.844752","172.19.0.3","5.9.29.183","TLSv1.2","599","Application Data"
"4.844984","5.9.29.183","172.19.0.3","TCP","56","9002 → 43520 [ACK] Seq=142975 Ack=11831 Win=65535 Len=0"
"5.158772","5.9.29.183","172.19.0.3","TCP","1516","[TCP segment of a reassembled PDU]"
"5.158837","5.9.29.183","172.19.0.3","TCP","1516","9002 → 43520 [PSH, ACK] Seq=144435 Ack=11831 Win=65535 Len=1460 [TCP segment of a reassembled PDU]"
"5.158855","5.9.29.183","172.19.0.3","TLSv1.2","763","Application Data"
"5.158941","172.19.0.3","5.9.29.183","TCP","56","43520 → 9002 [ACK] Seq=11831 Ack=146602 Win=8450 Len=0"
"5.189521","5.9.29.183","172.19.0.3","TCP","1516","[TCP segment of a reassembled PDU]"
"5.189559","5.9.29.183","172.19.0.3","TCP","1492","9002 → 43520 [PSH, ACK] Seq=148062 Ack=11831 Win=65535 Len=1436 [TCP segment of a reassembled PDU]"
"5.189571","172.19.0.3","5.9.29.183","TCP","56","43520 → 9002 [ACK] Seq=11831 Ack=149498 Win=8458 Len=0"
"5.189573","5.9.29.183","172.19.0.3","TLSv1.2","787","Application Data"
"5.221692","5.9.29.183","172.19.0.3","TCP","1504","[TCP segment of a reassembled PDU]"
"5.221713","172.19.0.3","5.9.29.183","TCP","56","43520 → 9002 [ACK] Seq=11831 Ack=151677 Win=8466 Len=0"
"5.221783","5.9.29.183","172.19.0.3","TCP","1516","9002 → 43520 [PSH, ACK] Seq=151677 Ack=11831 Win=65535 Len=1460 [TCP segment of a reassembled PDU]"
"5.221792","5.9.29.183","172.19.0.3","TLSv1.2","1225","Application Data"
"5.221912","172.19.0.3","5.9.29.183","TCP","56","43520 → 9002 [ACK] Seq=11831 Ack=154306 Win=8450 Len=0"
"5.237244","5.9.29.183","172.19.0.3","TLSv1.2","149","Application Data"
"5.271739","5.9.29.183","172.19.0.3","TCP","1504","[TCP segment of a reassembled PDU]"
"5.271759","172.19.0.3","5.9.29.183","TCP","56","43520 → 9002 [ACK] Seq=11831 Ack=155847 Win=8466 Len=0"
"5.271799","5.9.29.183","172.19.0.3","TCP","1504","9002 → 43520 [PSH, ACK] Seq=155847 Ack=11831 Win=65535 Len=1448 [TCP segment of a reassembled PDU]"
"5.271836","5.9.29.183","172.19.0.3","TLSv1.2","1237","Application Data"
"5.271961","172.19.0.3","5.9.29.183","TCP","56","43520 → 9002 [ACK] Seq=11831 Ack=158476 Win=8450 Len=0"
"5.272686","172.19.0.3","5.9.29.183","TLSv1.2","599","Application Data"
"5.273119","5.9.29.183","172.19.0.3","TCP","56","9002 → 43520 [ACK] Seq=158476 Ack=12374 Win=65535 Len=0"
"5.282723","172.19.0.3","5.9.29.183","TLSv1.2","599","Application Data"
"5.282982","5.9.29.183","172.19.0.3","TCP","56","9002 → 43520 [ACK] Seq=158476 Ack=12917 Win=65535 Len=0"
"5.287823","5.9.29.183","172.19.0.3","TLSv1.2","149","Application Data"
"5.330649","172.19.0.3","5.9.29.183","TCP","56","43520 → 9002 [ACK] Seq=12917 Ack=158569 Win=8466 Len=0"
"5.721490","5.9.29.183","172.19.0.3","TLSv1.2","599","Application Data"
"5.721541","172.19.0.3","5.9.29.183","TCP","56","43520 → 9002 [ACK] Seq=12917 Ack=159112 Win=8464 Len=0"
"5.722171","172.19.0.3","5.9.29.183","TLSv1.2","599","Application Data"
"5.722331","5.9.29.183","172.19.0.3","TCP","56","9002 → 43520 [ACK] Seq=159112 Ack=13460 Win=65535 Len=0"
"6.080271","5.9.29.183","172.19.0.3","TCP","1516","[TCP segment of a reassembled PDU]"
"6.080371","5.9.29.183","172.19.0.3","TCP","906","9002 → 43520 [PSH, ACK] Seq=160572 Ack=13460 Win=65535 Len=850 [TCP segment of a reassembled PDU]"
"6.080385","5.9.29.183","172.19.0.3","TLSv1.2","1373","Application Data"
"6.080518","172.19.0.3","5.9.29.183","TCP","56","43520 → 9002 [ACK] Seq=13460 Ack=162739 Win=8450 Len=0"
"6.104532","5.9.29.183","172.19.0.3","TCP","1516","[TCP segment of a reassembled PDU]"
"6.104586","5.9.29.183","172.19.0.3","TCP","1516","9002 → 43520 [PSH, ACK] Seq=164199 Ack=13460 Win=65535 Len=1460 [TCP segment of a reassembled PDU]"
"6.104600","172.19.0.3","5.9.29.183","TCP","56","43520 → 9002 [ACK] Seq=13460 Ack=165659 Win=8458 Len=0"
"6.104603","5.9.29.183","172.19.0.3","TLSv1.2","763","Application Data"
"6.133647","5.9.29.183","172.19.0.3","TCP","1516","[TCP segment of a reassembled PDU]"
"6.133664","172.19.0.3","5.9.29.183","TCP","56","43520 → 9002 [ACK] Seq=13460 Ack=167826 Win=8464 Len=0"
"6.133698","5.9.29.183","172.19.0.3","TCP","1516","9002 → 43520 [PSH, ACK] Seq=167826 Ack=13460 Win=65535 Len=1460 [TCP segment of a reassembled PDU]"
"6.133706","5.9.29.183","172.19.0.3","TLSv1.2","1516","Application Data [TCP segment of a reassembled PDU]"
"6.133709","5.9.29.183","172.19.0.3","TCP","1201","9002 → 43520 [PSH, ACK] Seq=170746 Ack=13460 Win=65535 Len=1145 [TCP segment of a reassembled PDU]"
"6.133714","5.9.29.183","172.19.0.3","TCP","1504","9002 → 43520 [PSH, ACK] Seq=171891 Ack=13460 Win=65535 Len=1448 [TCP segment of a reassembled PDU]"
"6.133818","172.19.0.3","5.9.29.183","TCP","56","43520 → 9002 [ACK] Seq=13460 Ack=173339 Win=8432 Len=0"
"6.149605","5.9.29.183","172.19.0.3","TLSv1.2","851","Application Data"
"6.149956","172.19.0.3","5.9.29.183","TLSv1.2","599","Application Data"
"6.150227","5.9.29.183","172.19.0.3","TCP","56","9002 → 43520 [ACK] Seq=174134 Ack=14003 Win=65535 Len=0"
"6.153602","5.9.29.183","172.19.0.3","TCP","1516","[TCP segment of a reassembled PDU]"
"6.153655","5.9.29.183","172.19.0.3","TCP","1492","9002 → 43520 [PSH, ACK] Seq=175594 Ack=14003 Win=65535 Len=1436 [TCP segment of a reassembled PDU]"
"6.153793","172.19.0.3","5.9.29.183","TCP","56","43520 → 9002 [ACK] Seq=14003 Ack=177030 Win=8458 Len=0"
"6.164919","5.9.29.183","172.19.0.3","TLSv1.2","1330","Application Data, Application Data"
"6.170116","5.9.29.183","172.19.0.3","TCP","1504","[TCP segment of a reassembled PDU]"
"6.170185","172.19.0.3","5.9.29.183","TCP","56","43520 → 9002 [ACK] Seq=14003 Ack=179752 Win=8466 Len=0"
"6.170216","5.9.29.183","172.19.0.3","TCP","1504","9002 → 43520 [PSH, ACK] Seq=179752 Ack=14003 Win=65535 Len=1448 [TCP segment of a reassembled PDU]"
"6.179950","5.9.29.183","172.19.0.3","TLSv1.2","1330","Application Data, Application Data"
"6.179969","172.19.0.3","5.9.29.183","TCP","56","43520 → 9002 [ACK] Seq=14003 Ack=182474 Win=8466 Len=0"
"6.182203","5.9.29.183","172.19.0.3","TCP","1504","[TCP segment of a reassembled PDU]"
"6.182273","5.9.29.183","172.19.0.3","TCP","1516","9002 → 43520 [PSH, ACK] Seq=183922 Ack=14003 Win=65535 Len=1460 [TCP segment of a reassembled PDU]"
"6.182277","5.9.29.183","172.19.0.3","TLSv1.2","1492","Application Data [TCP segment of a reassembled PDU]"
"6.182311","172.19.0.3","5.9.29.183","TCP","56","43520 → 9002 [ACK] Seq=14003 Ack=186818 Win=8450 Len=0"
"6.182342","5.9.29.183","172.19.0.3","TCP","1516","9002 → 43520 [PSH, ACK] Seq=186818 Ack=14003 Win=65535 Len=1460 [TCP segment of a reassembled PDU]"
"6.182346","5.9.29.183","172.19.0.3","TCP","1492","9002 → 43520 [PSH, ACK] Seq=188278 Ack=14003 Win=65535 Len=1436 [TCP segment of a reassembled PDU]"
"6.182474","172.19.0.3","5.9.29.183","TLSv1.2","599","Application Data"
"6.182681","5.9.29.183","172.19.0.3","TCP","56","9002 → 43520 [ACK] Seq=189714 Ack=14546 Win=65535 Len=0"
"6.195318","5.9.29.183","172.19.0.3","TLSv1.2","1127","Application Data, Application Data"
"6.214273","5.9.29.183","172.19.0.3","TCP","1516","[TCP segment of a reassembled PDU]"
"6.214295","172.19.0.3","5.9.29.183","TCP","56","43520 → 9002 [ACK] Seq=14546 Ack=192245 Win=8466 Len=0"
"6.214346","5.9.29.183","172.19.0.3","TCP","1516","9002 → 43520 [PSH, ACK] Seq=192245 Ack=14546 Win=65535 Len=1460 [TCP segment of a reassembled PDU]"
"6.214392","5.9.29.183","172.19.0.3","TLSv1.2","1213","Application Data"
"6.214401","5.9.29.183","172.19.0.3","TCP","1516","[TCP segment of a reassembled PDU]"
"6.214498","5.9.29.183","172.19.0.3","TCP","1516","9002 → 43520 [PSH, ACK] Seq=196322 Ack=14546 Win=65535 Len=1460 [TCP segment of a reassembled PDU]"
"6.214505","5.9.29.183","172.19.0.3","TLSv1.2","1516","Application Data [TCP segment of a reassembled PDU]"
"6.214508","5.9.29.183","172.19.0.3","TCP","1516","9002 → 43520 [PSH, ACK] Seq=199242 Ack=14546 Win=65535 Len=1460 [TCP segment of a reassembled PDU]"
"6.214511","5.9.29.183","172.19.0.3","TCP","1456","9002 → 43520 [PSH, ACK] Seq=200702 Ack=14546 Win=65535 Len=1400 [TCP segment of a reassembled PDU]"
"6.214534","172.19.0.3","5.9.29.183","TCP","56","43520 → 9002 [ACK] Seq=14546 Ack=200702 Win=8416 Len=0"
"6.229538","5.9.29.183","172.19.0.3","TLSv1.2","134","Application Data"
"6.229563","172.19.0.3","5.9.29.183","TCP","56","43520 → 9002 [ACK] Seq=14546 Ack=202180 Win=8466 Len=0"
"6.246431","5.9.29.183","172.19.0.3","TCP","1516","[TCP segment of a reassembled PDU]"
"6.246501","5.9.29.183","172.19.0.3","TCP","1516","9002 → 43520 [PSH, ACK] Seq=203640 Ack=14546 Win=65535 Len=1460 [TCP segment of a reassembled PDU]"
"6.246513","5.9.29.183","172.19.0.3","TLSv1.2","1516","Application Data [TCP segment of a reassembled PDU]"
"6.246516","5.9.29.183","172.19.0.3","TCP","1516","9002 → 43520 [PSH, ACK] Seq=206560 Ack=14546 Win=65535 Len=1460 [TCP segment of a reassembled PDU]"
"6.246520","5.9.29.183","172.19.0.3","TCP","1516","9002 → 43520 [PSH, ACK] Seq=208020 Ack=14546 Win=65535 Len=1460 [TCP segment of a reassembled PDU]"
"6.246523","5.9.29.183","172.19.0.3","TLSv1.2","1516","Application Data [TCP segment of a reassembled PDU]"
"6.246526","5.9.29.183","172.19.0.3","TCP","1165","9002 → 43520 [PSH, ACK] Seq=210940 Ack=14546 Win=65535 Len=1109 [TCP segment of a reassembled PDU]"
"6.246546","5.9.29.183","172.19.0.3","TCP","1504","9002 → 43520 [PSH, ACK] Seq=212049 Ack=14546 Win=65535 Len=1448 [TCP segment of a reassembled PDU]"
"6.246628","172.19.0.3","5.9.29.183","TCP","56","43520 → 9002 [ACK] Seq=14546 Ack=213497 Win=8410 Len=0"
"6.261588","5.9.29.183","172.19.0.3","TLSv1.2","677","Application Data, Application Data"
"6.262031","172.19.0.3","5.9.29.183","TLSv1.2","599","Application Data"
"6.262456","5.9.29.183","172.19.0.3","TCP","56","9002 → 43520 [ACK] Seq=214118 Ack=15089 Win=65535 Len=0"
"6.267059","5.9.29.183","172.19.0.3","TCP","1516","[TCP segment of a reassembled PDU]"
"6.267129","5.9.29.183","172.19.0.3","TCP","1492","9002 → 43520 [PSH, ACK] Seq=215578 Ack=15089 Win=65535 Len=1436 [TCP segment of a reassembled PDU]"
"6.267286","172.19.0.3","5.9.29.183","TCP","56","43520 → 9002 [ACK] Seq=15089 Ack=217014 Win=8458 Len=0"
"6.276572","5.9.29.183","172.19.0.3","TLSv1.2","1330","Application Data, Application Data"
"6.293563","5.9.29.183","172.19.0.3","TLSv1.2","599","Application Data"
"6.293584","172.19.0.3","5.9.29.183","TCP","56","43520 → 9002 [ACK] Seq=15089 Ack=218831 Win=8464 Len=0"
"6.351664","5.9.29.183","172.19.0.3","TLSv1.2","1113","Application Data"
"6.355163","172.19.0.3","5.9.29.183","TLSv1.2","599","Application Data"
"6.355548","5.9.29.183","172.19.0.3","TCP","56","9002 → 43520 [ACK] Seq=219888 Ack=15632 Win=65535 Len=0"
"6.636822","5.9.29.183","172.19.0.3","TLSv1.2","599","Application Data"
"6.637916","172.19.0.3","5.9.29.183","TLSv1.2","599","Application Data"
"6.638306","5.9.29.183","172.19.0.3","TCP","56","9002 → 43520 [ACK] Seq=220431 Ack=16175 Win=65535 Len=0"
"6.945768","5.9.29.183","172.19.0.3","TCP","1516","[TCP segment of a reassembled PDU]"
"6.945827","5.9.29.183","172.19.0.3","TCP","1516","9002 → 43520 [PSH, ACK] Seq=221891 Ack=16175 Win=65535 Len=1460 [TCP segment of a reassembled PDU]"
"6.945836","5.9.29.183","172.19.0.3","TLSv1.2","763","Application Data"
"6.945948","172.19.0.3","5.9.29.183","TCP","56","43520 → 9002 [ACK] Seq=16175 Ack=224058 Win=8448 Len=0"
"6.970073","5.9.29.183","172.19.0.3","TLSv1.2","599","Application Data"
"6.978565","5.9.29.183","172.19.0.3","TCP","1516","[TCP segment of a reassembled PDU]"
"6.978582","172.19.0.3","5.9.29.183","TCP","56","43520 → 9002 [ACK] Seq=16175 Ack=226061 Win=8466 Len=0"
"6.978615","5.9.29.183","172.19.0.3","TCP","953","9002 → 43520 [PSH, ACK] Seq=226061 Ack=16175 Win=65535 Len=897 [TCP segment of a reassembled PDU]"
"6.978623","5.9.29.183","172.19.0.3","TCP","1516","9002 → 43520 [PSH, ACK] Seq=226958 Ack=16175 Win=65535 Len=1460 [TCP segment of a reassembled PDU]"
"6.978625","5.9.29.183","172.19.0.3","TLSv1.2","1516","Application Data [TCP segment of a reassembled PDU]"
"6.978630","5.9.29.183","172.19.0.3","TCP","1516","9002 → 43520 [PSH, ACK] Seq=229878 Ack=16175 Win=65535 Len=1460 [TCP segment of a reassembled PDU]"
"6.978632","5.9.29.183","172.19.0.3","TLSv1.2","1516","Application Data [TCP segment of a reassembled PDU]"
"6.978634","5.9.29.183","172.19.0.3","TCP","547","9002 → 43520 [PSH, ACK] Seq=232798 Ack=16175 Win=65535 Len=491 [TCP segment of a reassembled PDU]"
"6.978682","5.9.29.183","172.19.0.3","TCP","1516","9002 → 43520 [PSH, ACK] Seq=233289 Ack=16175 Win=65535 Len=1460 [TCP segment of a reassembled PDU]"
"6.978687","5.9.29.183","172.19.0.3","TCP","1492","9002 → 43520 [PSH, ACK] Seq=234749 Ack=16175 Win=65535 Len=1436 [TCP segment of a reassembled PDU]"
"6.978732","172.19.0.3","5.9.29.183","TCP","56","43520 → 9002 [ACK] Seq=16175 Ack=236185 Win=8402 Len=0"
"6.978929","172.19.0.3","5.9.29.183","TLSv1.2","599","Application Data"
"6.979074","5.9.29.183","172.19.0.3","TCP","56","9002 → 43520 [ACK] Seq=236185 Ack=16718 Win=65535 Len=0"
"6.984987","5.9.29.183","172.19.0.3","TLSv1.2","381","Application Data"
"6.995856","5.9.29.183","172.19.0.3","TCP","1516","[TCP segment of a reassembled PDU]"
"6.995874","172.19.0.3","5.9.29.183","TCP","56","43520 → 9002 [ACK] Seq=16718 Ack=237970 Win=8466 Len=0"
"6.995906","5.9.29.183","172.19.0.3","TCP","1492","9002 → 43520 [PSH, ACK] Seq=237970 Ack=16718 Win=65535 Len=1436 [TCP segment of a reassembled PDU]"
"7.001222","5.9.29.183","172.19.0.3","TLSv1.2","1330","Application Data, Application Data"
"7.001239","172.19.0.3","5.9.29.183","TCP","56","43520 → 9002 [ACK] Seq=16718 Ack=240680 Win=8466 Len=0"
"7.013834","5.9.29.183","172.19.0.3","TCP","1516","[TCP segment of a reassembled PDU]"
"7.013869","5.9.29.183","172.19.0.3","TCP","1516","9002 → 43520 [PSH, ACK] Seq=242140 Ack=16718 Win=65535 Len=1460 [TCP segment of a reassembled PDU]"
"7.013874","5.9.29.183","172.19.0.3","TLSv1.2","1516","Application Data [TCP segment of a reassembled PDU]"
"7.013876","5.9.29.183","172.19.0.3","TCP","1516","9002 → 43520 [PSH, ACK] Seq=245060 Ack=16718 Win=65535 Len=1460 [TCP segment of a reassembled PDU]"
"7.013888","5.9.29.183","172.19.0.3","TCP","1456","9002 → 43520 [PSH, ACK] Seq=246520 Ack=16718 Win=65535 Len=1400 [TCP segment of a reassembled PDU]"
"7.013964","172.19.0.3","5.9.29.183","TCP","56","43520 → 9002 [ACK] Seq=16718 Ack=247920 Win=8432 Len=0"
"7.027108","5.9.29.183","172.19.0.3","TLSv1.2","584","Application Data"
"7.027153","5.9.29.183","172.19.0.3","TCP","1516","[TCP segment of a reassembled PDU]"
"7.027165","172.19.0.3","5.9.29.183","TCP","56","43520 → 9002 [ACK] Seq=16718 Ack=249908 Win=8458 Len=0"
"7.027167","5.9.29.183","172.19.0.3","TCP","1492","9002 → 43520 [PSH, ACK] Seq=249908 Ack=16718 Win=65535 Len=1436 [TCP segment of a reassembled PDU]"
"7.027408","172.19.0.3","5.9.29.183","TLSv1.2","599","Application Data"
"7.027570","5.9.29.183","172.19.0.3","TCP","56","9002 → 43520 [ACK] Seq=251344 Ack=17261 Win=65535 Len=0"
"7.048353","5.9.29.183","172.19.0.3","TLSv1.2","787","Application Data"
"7.086068","5.9.29.183","172.19.0.3","TCP","1516","[TCP segment of a reassembled PDU]"
"7.086085","172.19.0.3","5.9.29.183","TCP","56","43520 → 9002 [ACK] Seq=17261 Ack=253535 Win=8466 Len=0"
"7.086114","5.9.29.183","172.19.0.3","TLSv1.2","167","Application Data"
"7.089205","172.19.0.3","5.9.29.183","TLSv1.2","599","Application Data"
"7.089396","5.9.29.183","172.19.0.3","TCP","56","9002 → 43520 [ACK] Seq=253646 Ack=17804 Win=65535 Len=0"
"7.520865","5.9.29.183","172.19.0.3","TLSv1.2","599","Application Data"
"7.521613","172.19.0.3","5.9.29.183","TLSv1.2","599","Application Data"
"7.521804","5.9.29.183","172.19.0.3","TCP","56","9002 → 43520 [ACK] Seq=254189 Ack=18347 Win=65535 Len=0"
"7.837362","5.9.29.183","172.19.0.3","TLSv1.2","599","Application Data"
"7.873506","5.9.29.183","172.19.0.3","TCP","1504","[TCP segment of a reassembled PDU]"
"7.873545","172.19.0.3","5.9.29.183","TCP","56","43520 → 9002 [ACK] Seq=18347 Ack=256180 Win=8466 Len=0"
"7.873634","5.9.29.183","172.19.0.3","TCP","1516","9002 → 43520 [PSH, ACK] Seq=256180 Ack=18347 Win=65535 Len=1460 [TCP segment of a reassembled PDU]"
"7.873644","5.9.29.183","172.19.0.3","TLSv1.2","775","Application Data"
"7.873680","172.19.0.3","5.9.29.183","TCP","56","43520 → 9002 [ACK] Seq=18347 Ack=258359 Win=8450 Len=0"
"7.897632","5.9.29.183","172.19.0.3","TCP","1504","[TCP segment of a reassembled PDU]"
"7.897750","5.9.29.183","172.19.0.3","TCP","1516","9002 → 43520 [PSH, ACK] Seq=259807 Ack=18347 Win=65535 Len=1460 [TCP segment of a reassembled PDU]"
"7.897768","172.19.0.3","5.9.29.183","TCP","56","43520 → 9002 [ACK] Seq=18347 Ack=261267 Win=8458 Len=0"
"7.897771","5.9.29.183","172.19.0.3","TLSv1.2","1225","Application Data"
"7.915937","5.9.29.183","172.19.0.3","TLSv1.2","1516","Application Data"
"7.915955","172.19.0.3","5.9.29.183","TCP","56","43520 → 9002 [ACK] Seq=18347 Ack=263896 Win=8466 Len=0"
"7.915988","5.9.29.183","172.19.0.3","TCP","137","9002 → 43520 [PSH, ACK] Seq=263896 Ack=18347 Win=65535 Len=81 [TCP segment of a reassembled PDU]"
"7.916017","5.9.29.183","172.19.0.3","TCP","1504","9002 → 43520 [PSH, ACK] Seq=263977 Ack=18347 Win=65535 Len=1448 [TCP segment of a reassembled PDU]"
"7.916118","172.19.0.3","5.9.29.183","TCP","56","43520 → 9002 [ACK] Seq=18347 Ack=265425 Win=8455 Len=0"
"7.938392","5.9.29.183","172.19.0.3","TLSv1.2","787","Application Data"
"7.961738","5.9.29.183","172.19.0.3","TCP","1516","[TCP segment of a reassembled PDU]"
"7.961755","172.19.0.3","5.9.29.183","TCP","56","43520 → 9002 [ACK] Seq=18347 Ack=267616 Win=8464 Len=0"
"7.961799","5.9.29.183","172.19.0.3","TCP","1516","9002 → 43520 [PSH, ACK] Seq=267616 Ack=18347 Win=65535 Len=1460 [TCP segment of a reassembled PDU]"
"7.961855","5.9.29.183","172.19.0.3","TLSv1.2","1516","Application Data [TCP segment of a reassembled PDU]"
"7.961866","5.9.29.183","172.19.0.3","TCP","1468","9002 → 43520 [PSH, ACK] Seq=270536 Ack=18347 Win=65535 Len=1412 [TCP segment of a reassembled PDU]"
"7.961895","5.9.29.183","172.19.0.3","TCP","1504","9002 → 43520 [PSH, ACK] Seq=271948 Ack=18347 Win=65535 Len=1448 [TCP segment of a reassembled PDU]"
"7.961967","5.9.29.183","172.19.0.3","TLSv1.2","1127","Application Data, Application Data"
"7.961972","5.9.29.183","172.19.0.3","TCP","1504","[TCP segment of a reassembled PDU]"
"7.961974","5.9.29.183","172.19.0.3","TCP","1516","9002 → 43520 [PSH, ACK] Seq=275915 Ack=18347 Win=65535 Len=1460 [TCP segment of a reassembled PDU]"
"7.961998","5.9.29.183","172.19.0.3","TLSv1.2","1492","Application Data [TCP segment of a reassembled PDU]"
"7.962010","5.9.29.183","172.19.0.3","TCP","1504","9002 → 43520 [PSH, ACK] Seq=278811 Ack=18347 Win=65535 Len=1448 [TCP segment of a reassembled PDU]"
"7.962011","172.19.0.3","5.9.29.183","TCP","56","43520 → 9002 [ACK] Seq=18347 Ack=277375 Win=8408 Len=0"
"7.962054","172.19.0.3","5.9.29.183","TCP","56","43520 → 9002 [ACK] Seq=18347 Ack=280259 Win=8391 Len=0"
"7.962506","172.19.0.3","5.9.29.183","TLSv1.2","599","Application Data"
"7.962656","5.9.29.183","172.19.0.3","TCP","56","9002 → 43520 [ACK] Seq=280259 Ack=18890 Win=65535 Len=0"
"7.984671","5.9.29.183","172.19.0.3","TCP","1504","9002 → 43520 [PSH, ACK] Seq=280259 Ack=18890 Win=65535 Len=1448 [TCP segment of a reassembled PDU]"
"7.984716","5.9.29.183","172.19.0.3","TLSv1.2","70","Application Data"
"7.984728","172.19.0.3","5.9.29.183","TCP","56","43520 → 9002 [ACK] Seq=18890 Ack=281721 Win=8464 Len=0"
"7.985043","172.19.0.3","5.9.29.183","TLSv1.2","599","Application Data"
"7.985195","5.9.29.183","172.19.0.3","TCP","56","9002 → 43520 [ACK] Seq=281721 Ack=19433 Win=65535 Len=0"
"7.995264","5.9.29.183","172.19.0.3","TCP","1516","[TCP segment of a reassembled PDU]"
"7.995308","5.9.29.183","172.19.0.3","TCP","1516","9002 → 43520 [PSH, ACK] Seq=283181 Ack=19433 Win=65535 Len=1460 [TCP segment of a reassembled PDU]"
"7.995314","5.9.29.183","172.19.0.3","TLSv1.2","1480","Application Data [TCP segment of a reassembled PDU]"
"7.995412","172.19.0.3","5.9.29.183","TCP","56","43520 → 9002 [ACK] Seq=19433 Ack=286065 Win=8450 Len=0"
"7.995446","5.9.29.183","172.19.0.3","TCP","1516","9002 → 43520 [PSH, ACK] Seq=286065 Ack=19433 Win=65535 Len=1460 [TCP segment of a reassembled PDU]"
"7.995451","5.9.29.183","172.19.0.3","TCP","1492","9002 → 43520 [PSH, ACK] Seq=287525 Ack=19433 Win=65535 Len=1436 [TCP segment of a reassembled PDU]"
"7.995503","172.19.0.3","5.9.29.183","TCP","56","43520 → 9002 [ACK] Seq=19433 Ack=288961 Win=8434 Len=0"
"8.000950","5.9.29.183","172.19.0.3","TLSv1.2","1127","Application Data, Application Data"
"8.044582","172.19.0.3","5.9.29.183","TCP","56","43520 → 9002 [ACK] Seq=19433 Ack=290032 Win=8466 Len=0"
"8.046541","5.9.29.183","172.19.0.3","TCP","1516","[TCP segment of a reassembled PDU]"
"8.046558","172.19.0.3","5.9.29.183","TCP","56","43520 → 9002 [ACK] Seq=19433 Ack=291492 Win=8466 Len=0"
"8.046593","5.9.29.183","172.19.0.3","TCP","1058","9002 → 43520 [PSH, ACK] Seq=291492 Ack=19433 Win=65535 Len=1002 [TCP segment of a reassembled PDU]"
"8.046615","172.19.0.3","5.9.29.183","TCP","56","43520 → 9002 [ACK] Seq=19433 Ack=292494 Win=8459 Len=0"
"8.046650","5.9.29.183","172.19.0.3","TCP","1516","9002 → 43520 [PSH, ACK] Seq=292494 Ack=19433 Win=65535 Len=1460 [TCP segment of a reassembled PDU]"
"8.046659","5.9.29.183","172.19.0.3","TLSv1.2","1516","Application Data [TCP segment of a reassembled PDU]"
"8.046664","5.9.29.183","172.19.0.3","TCP","199","9002 → 43520 [PSH, ACK] Seq=295414 Ack=19433 Win=65535 Len=143 [TCP segment of a reassembled PDU]"
"8.046700","172.19.0.3","5.9.29.183","TCP","56","43520 → 9002 [ACK] Seq=19433 Ack=295557 Win=8436 Len=0"
"8.046828","5.9.29.183","172.19.0.3","TCP","1516","9002 → 43520 [PSH, ACK] Seq=295557 Ack=19433 Win=65535 Len=1460 [TCP segment of a reassembled PDU]"
"8.046835","5.9.29.183","172.19.0.3","TLSv1.2","1516","Application Data [TCP segment of a reassembled PDU]"
"8.046839","5.9.29.183","172.19.0.3","TCP","1480","9002 → 43520 [PSH, ACK] Seq=298477 Ack=19433 Win=65535 Len=1424 [TCP segment of a reassembled PDU]"
"8.046888","172.19.0.3","5.9.29.183","TCP","56","43520 → 9002 [ACK] Seq=19433 Ack=299901 Win=8408 Len=0"
"8.071536","5.9.29.183","172.19.0.3","TLSv1.2","1504","Application Data [TCP segment of a reassembled PDU]"
"8.071586","5.9.29.183","172.19.0.3","TCP","1516","9002 → 43520 [PSH, ACK] Seq=301349 Ack=19433 Win=65535 Len=1460 [TCP segment of a reassembled PDU]"
"8.071603","172.19.0.3","5.9.29.183","TCP","56","43520 → 9002 [ACK] Seq=19433 Ack=302809 Win=8458 Len=0"
"8.071607","5.9.29.183","172.19.0.3","TCP","1516","9002 → 43520 [PSH, ACK] Seq=302809 Ack=19433 Win=65535 Len=1460 [TCP segment of a reassembled PDU]"
"8.071612","5.9.29.183","172.19.0.3","TLSv1.2","1480","Application Data [TCP segment of a reassembled PDU]"
"8.071694","5.9.29.183","172.19.0.3","TCP","1516","9002 → 43520 [PSH, ACK] Seq=305693 Ack=19433 Win=65535 Len=1460 [TCP segment of a reassembled PDU]"
"8.071720","5.9.29.183","172.19.0.3","TLSv1.2","1492","Application Data [TCP segment of a reassembled PDU]"
"8.071737","5.9.29.183","172.19.0.3","TLSv1.2","177","Application Data"
"8.071755","172.19.0.3","5.9.29.183","TCP","56","43520 → 9002 [ACK] Seq=19433 Ack=308589 Win=8426 Len=0"
"8.072251","172.19.0.3","5.9.29.183","TLSv1.2","599","Application Data"
"8.072433","5.9.29.183","172.19.0.3","TCP","56","9002 → 43520 [ACK] Seq=308710 Ack=19976 Win=65535 Len=0"
"8.080731","5.9.29.183","172.19.0.3","TCP","1504","[TCP segment of a reassembled PDU]"
"8.080777","5.9.29.183","172.19.0.3","TCP","1504","9002 → 43520 [PSH, ACK] Seq=310158 Ack=19976 Win=65535 Len=1448 [TCP segment of a reassembled PDU]"
"8.080788","172.19.0.3","5.9.29.183","TCP","56","43520 → 9002 [ACK] Seq=19976 Ack=311606 Win=8458 Len=0"
"8.091296","5.9.29.183","172.19.0.3","TLSv1.2","787","Application Data"
"8.096033","5.9.29.183","172.19.0.3","TCP","1516","[TCP segment of a reassembled PDU]"
"8.096055","172.19.0.3","5.9.29.183","TCP","56","43520 → 9002 [ACK] Seq=19976 Ack=313797 Win=8466 Len=0"
"8.096094","5.9.29.183","172.19.0.3","TCP","1492","9002 → 43520 [PSH, ACK] Seq=313797 Ack=19976 Win=65535 Len=1436 [TCP segment of a reassembled PDU]"
"8.096135","5.9.29.183","172.19.0.3","TLSv1.2","1516","Application Data [TCP segment of a reassembled PDU]"
"8.096141","5.9.29.183","172.19.0.3","TCP","1492","9002 → 43520 [PSH, ACK] Seq=316693 Ack=19976 Win=65535 Len=1436 [TCP segment of a reassembled PDU]"
"8.096255","172.19.0.3","5.9.29.183","TCP","56","43520 → 9002 [ACK] Seq=19976 Ack=318129 Win=8440 Len=0"
"8.096269","5.9.29.183","172.19.0.3","TCP","1504","9002 → 43520 [PSH, ACK] Seq=318129 Ack=19976 Win=65535 Len=1448 [TCP segment of a reassembled PDU]"
"8.115180","5.9.29.183","172.19.0.3","TLSv1.2","1127","Application Data, Application Data"
"8.115204","172.19.0.3","5.9.29.183","TCP","56","43520 → 9002 [ACK] Seq=19976 Ack=320648 Win=8466 Len=0"
"8.115255","5.9.29.183","172.19.0.3","TCP","1516","[TCP segment of a reassembled PDU]"
"8.115275","5.9.29.183","172.19.0.3","TCP","1492","9002 → 43520 [PSH, ACK] Seq=322108 Ack=19976 Win=65535 Len=1436 [TCP segment of a reassembled PDU]"
"8.115280","5.9.29.183","172.19.0.3","TLSv1.2","1516","Application Data [TCP segment of a reassembled PDU]"
"8.115284","5.9.29.183","172.19.0.3","TCP","1516","9002 → 43520 [PSH, ACK] Seq=325004 Ack=19976 Win=65535 Len=1460 [TCP segment of a reassembled PDU]"
"8.115362","5.9.29.183","172.19.0.3","TCP","1516","9002 → 43520 [PSH, ACK] Seq=326464 Ack=19976 Win=65535 Len=1460 [TCP segment of a reassembled PDU]"
"8.115389","5.9.29.183","172.19.0.3","TLSv1.2","1516","Application Data [TCP segment of a reassembled PDU]"
"8.115394","5.9.29.183","172.19.0.3","TCP","1516","9002 → 43520 [PSH, ACK] Seq=329384 Ack=19976 Win=65535 Len=1460 [TCP segment of a reassembled PDU]"
"8.115413","5.9.29.183","172.19.0.3","TCP","1444","9002 → 43520 [PSH, ACK] Seq=330844 Ack=19976 Win=65535 Len=1388 [TCP segment of a reassembled PDU]"
"8.115457","172.19.0.3","5.9.29.183","TCP","56","43520 → 9002 [ACK] Seq=19976 Ack=332232 Win=8402 Len=0"
"8.115476","5.9.29.183","172.19.0.3","TLSv1.2","1516","Application Data [TCP segment of a reassembled PDU]"
"8.115479","5.9.29.183","172.19.0.3","TCP","1492","9002 → 43520 [PSH, ACK] Seq=333692 Ack=19976 Win=65535 Len=1436 [TCP segment of a reassembled PDU]"
"8.115685","172.19.0.3","5.9.29.183","TCP","56","43520 → 9002 [ACK] Seq=19976 Ack=335128 Win=8385 Len=0"
"8.116121","172.19.0.3","5.9.29.183","TLSv1.2","1113","Application Data"
"8.116274","5.9.29.183","172.19.0.3","TCP","56","9002 → 43520 [ACK] Seq=335128 Ack=21033 Win=65535 Len=0"
"8.139010","5.9.29.183","172.19.0.3","TLSv1.2","84","Application Data"
"8.142843","172.19.0.3","5.9.29.183","TLSv1.2","599","Application Data"
"8.143074","5.9.29.183","172.19.0.3","TCP","56","9002 → 43520 [ACK] Seq=335156 Ack=21576 Win=65535 Len=0"
"8.548217","5.9.29.183","172.19.0.3","TLSv1.2","599","Application Data"
"8.548831","172.19.0.3","5.9.29.183","TLSv1.2","599","Application Data"
"8.549292","5.9.29.183","172.19.0.3","TCP","56","9002 → 43520 [ACK] Seq=335699 Ack=22119 Win=65535 Len=0"
"8.889025","5.9.29.183","172.19.0.3","TCP","1516","[TCP segment of a reassembled PDU]"
"8.889107","5.9.29.183","172.19.0.3","TCP","1516","9002 → 43520 [PSH, ACK] Seq=337159 Ack=22119 Win=65535 Len=1460 [TCP segment of a reassembled PDU]"
"8.889118","5.9.29.183","172.19.0.3","TLSv1.2","763","Application Data"
"8.889240","172.19.0.3","5.9.29.183","TCP","56","43520 → 9002 [ACK] Seq=22119 Ack=339326 Win=8450 Len=0"
"8.924944","5.9.29.183","172.19.0.3","TCP","1516","[TCP segment of a reassembled PDU]"
"8.924989","5.9.29.183","172.19.0.3","TCP","1516","9002 → 43520 [PSH, ACK] Seq=340786 Ack=22119 Win=65535 Len=1460 [TCP segment of a reassembled PDU]"
"8.925002","172.19.0.3","5.9.29.183","TCP","56","43520 → 9002 [ACK] Seq=22119 Ack=342246 Win=8458 Len=0"
"8.925004","5.9.29.183","172.19.0.3","TLSv1.2","763","Application Data"
"8.947933","5.9.29.183","172.19.0.3","TCP","1516","[TCP segment of a reassembled PDU]"
"8.947951","172.19.0.3","5.9.29.183","TCP","56","43520 → 9002 [ACK] Seq=22119 Ack=344413 Win=8466 Len=0"
"8.947980","5.9.29.183","172.19.0.3","TCP","1492","9002 → 43520 [PSH, ACK] Seq=344413 Ack=22119 Win=65535 Len=1436 [TCP segment of a reassembled PDU]"
"8.947986","5.9.29.183","172.19.0.3","TLSv1.2","273","Application Data"
"8.948057","172.19.0.3","5.9.29.183","TCP","56","43520 → 9002 [ACK] Seq=22119 Ack=346066 Win=8454 Len=0"
"8.950765","172.19.0.3","5.9.29.183","TLSv1.2","599","Application Data"
"8.950970","5.9.29.183","172.19.0.3","TCP","56","9002 → 43520 [ACK] Seq=346066 Ack=22662 Win=65535 Len=0"
"9.259546","5.9.29.183","172.19.0.3","TLSv1.2","599","Application Data"
"9.260177","172.19.0.3","5.9.29.183","TLSv1.2","599","Application Data"
"9.260353","5.9.29.183","172.19.0.3","TCP","56","9002 → 43520 [ACK] Seq=346609 Ack=23205 Win=65535 Len=0"
"9.606010","5.9.29.183","172.19.0.3","TCP","1504","[TCP segment of a reassembled PDU]"
"9.606100","5.9.29.183","172.19.0.3","TCP","1516","9002 → 43520 [PSH, ACK] Seq=348057 Ack=23205 Win=65535 Len=1460 [TCP segment of a reassembled PDU]"
"9.606108","5.9.29.183","172.19.0.3","TLSv1.2","775","Application Data"
"9.606245","172.19.0.3","5.9.29.183","TCP","56","43520 → 9002 [ACK] Seq=23205 Ack=350236 Win=8450 Len=0"
"9.617560","5.9.29.183","172.19.0.3","TCP","1516","[TCP segment of a reassembled PDU]"
"9.617605","5.9.29.183","172.19.0.3","TCP","1492","9002 → 43520 [PSH, ACK] Seq=351696 Ack=23205 Win=65535 Len=1436 [TCP segment of a reassembled PDU]"
"9.617617","172.19.0.3","5.9.29.183","TCP","56","43520 → 9002 [ACK] Seq=23205 Ack=353132 Win=8458 Len=0"
"9.617619","5.9.29.183","172.19.0.3","TLSv1.2","1516","Application Data [TCP segment of a reassembled PDU]"
"9.617621","5.9.29.183","172.19.0.3","TCP","1492","9002 → 43520 [PSH, ACK] Seq=354592 Ack=23205 Win=65535 Len=1436 [TCP segment of a reassembled PDU]"
"9.617625","5.9.29.183","172.19.0.3","TCP","1504","9002 → 43520 [PSH, ACK] Seq=356028 Ack=23205 Win=65535 Len=1448 [TCP segment of a reassembled PDU]"
"9.617715","172.19.0.3","5.9.29.183","TCP","56","43520 → 9002 [ACK] Seq=23205 Ack=357476 Win=8432 Len=0"
"9.637842","5.9.29.183","172.19.0.3","TLSv1.2","610","Application Data [TCP segment of a reassembled PDU]"
"9.637896","5.9.29.183","172.19.0.3","TLSv1.2","59","Application Data"
"9.638127","172.19.0.3","5.9.29.183","TCP","56","43520 → 9002 [ACK] Seq=23205 Ack=358033 Win=8466 Len=0"
"9.646783","5.9.29.183","172.19.0.3","TCP","1516","[TCP segment of a reassembled PDU]"
"9.646827","5.9.29.183","172.19.0.3","TCP","1516","9002 → 43520 [PSH, ACK] Seq=359493 Ack=23205 Win=65535 Len=1460 [TCP segment of a reassembled PDU]"
"9.646833","5.9.29.183","172.19.0.3","TLSv1.2","1516","Application Data [TCP segment of a reassembled PDU]"
"9.646835","5.9.29.183","172.19.0.3","TCP","1468","9002 → 43520 [PSH, ACK] Seq=362413 Ack=23205 Win=65535 Len=1412 [TCP segment of a reassembled PDU]"
"9.646837","5.9.29.183","172.19.0.3","TCP","1504","9002 → 43520 [PSH, ACK] Seq=363825 Ack=23205 Win=65535 Len=1448 [TCP segment of a reassembled PDU]"
"9.646993","172.19.0.3","5.9.29.183","TCP","56","43520 → 9002 [ACK] Seq=23205 Ack=365273 Win=8434 Len=0"
"9.660751","5.9.29.183","172.19.0.3","TLSv1.2","584","Application Data"
"9.692122","5.9.29.183","172.19.0.3","TCP","1516","[TCP segment of a reassembled PDU]"
"9.692144","172.19.0.3","5.9.29.183","TCP","56","43520 → 9002 [ACK] Seq=23205 Ack=367261 Win=8466 Len=0"
"9.692194","5.9.29.183","172.19.0.3","TCP","1516","9002 → 43520 [PSH, ACK] Seq=367261 Ack=23205 Win=65535 Len=1460 [TCP segment of a reassembled PDU]"
"9.692205","5.9.29.183","172.19.0.3","TLSv1.2","1516","Application Data [TCP segment of a reassembled PDU]"
"9.692326","5.9.29.183","172.19.0.3","TCP","1201","9002 → 43520 [PSH, ACK] Seq=370181 Ack=23205 Win=65535 Len=1145 [TCP segment of a reassembled PDU]"
"9.692333","5.9.29.183","172.19.0.3","TCP","1504","9002 → 43520 [PSH, ACK] Seq=371326 Ack=23205 Win=65535 Len=1448 [TCP segment of a reassembled PDU]"
"9.692347","172.19.0.3","5.9.29.183","TCP","56","43520 → 9002 [ACK] Seq=23205 Ack=372774 Win=8434 Len=0"
"9.703700","5.9.29.183","172.19.0.3","TLSv1.2","1516","Application Data [TCP segment of a reassembled PDU]"
"9.703744","5.9.29.183","172.19.0.3","TCP","1516","9002 → 43520 [PSH, ACK] Seq=374234 Ack=23205 Win=65535 Len=1460 [TCP segment of a reassembled PDU]"
"9.703756","172.19.0.3","5.9.29.183","TCP","56","43520 → 9002 [ACK] Seq=23205 Ack=375694 Win=8458 Len=0"
"9.703758","5.9.29.183","172.19.0.3","TCP","1516","9002 → 43520 [PSH, ACK] Seq=375694 Ack=23205 Win=65535 Len=1460 [TCP segment of a reassembled PDU]"
"9.703761","5.9.29.183","172.19.0.3","TLSv1.2","1468","Application Data [TCP segment of a reassembled PDU]"
"9.703763","5.9.29.183","172.19.0.3","TCP","1504","9002 → 43520 [PSH, ACK] Seq=378566 Ack=23205 Win=65535 Len=1448 [TCP segment of a reassembled PDU]"
"9.703861","172.19.0.3","5.9.29.183","TCP","56","43520 → 9002 [ACK] Seq=23205 Ack=380014 Win=8434 Len=0"
"9.704144","172.19.0.3","5.9.29.183","TLSv1.2","599","Application Data"
"9.704293","5.9.29.183","172.19.0.3","TCP","56","9002 → 43520 [ACK] Seq=380014 Ack=23748 Win=65535 Len=0"
"9.711733","5.9.29.183","172.19.0.3","TLSv1.2","865","Application Data"
"9.722106","5.9.29.183","172.19.0.3","TCP","1516","[TCP segment of a reassembled PDU]"
"9.722124","172.19.0.3","5.9.29.183","TCP","56","43520 → 9002 [ACK] Seq=23748 Ack=382283 Win=8464 Len=0"
"9.722170","5.9.29.183","172.19.0.3","TCP","1492","9002 → 43520 [PSH, ACK] Seq=382283 Ack=23748 Win=65535 Len=1436 [TCP segment of a reassembled PDU]"
"9.729537","5.9.29.183","172.19.0.3","TLSv1.2","787","Application Data"
"9.729556","172.19.0.3","5.9.29.183","TCP","56","43520 → 9002 [ACK] Seq=23748 Ack=384450 Win=8466 Len=0"
"9.729858","172.19.0.3","5.9.29.183","TLSv1.2","599","Application Data"
"9.730040","5.9.29.183","172.19.0.3","TCP","56","9002 → 43520 [ACK] Seq=384450 Ack=24291 Win=65535 Len=0"
"9.743883","5.9.29.183","172.19.0.3","TCP","1516","[TCP segment of a reassembled PDU]"
"9.743929","5.9.29.183","172.19.0.3","TCP","1516","9002 → 43520 [PSH, ACK] Seq=385910 Ack=24291 Win=65535 Len=1460 [TCP segment of a reassembled PDU]"
"9.743942","5.9.29.183","172.19.0.3","TLSv1.2","1480","Application Data [TCP segment of a reassembled PDU]"
"9.744030","5.9.29.183","172.19.0.3","TCP","1516","9002 → 43520 [PSH, ACK] Seq=388794 Ack=24291 Win=65535 Len=1460 [TCP segment of a reassembled PDU]"
"9.744081","172.19.0.3","5.9.29.183","TCP","56","43520 → 9002 [ACK] Seq=24291 Ack=390254 Win=8442 Len=0"
"9.744103","5.9.29.183","172.19.0.3","TCP","1492","9002 → 43520 [PSH, ACK] Seq=390254 Ack=24291 Win=65535 Len=1436 [TCP segment of a reassembled PDU]"
"9.758818","5.9.29.183","172.19.0.3","TLSv1.2","1127","Application Data, Application Data"
"9.758834","172.19.0.3","5.9.29.183","TCP","56","43520 → 9002 [ACK] Seq=24291 Ack=392761 Win=8466 Len=0"
"9.758866","5.9.29.183","172.19.0.3","TCP","1516","[TCP segment of a reassembled PDU]"
"9.758873","5.9.29.183","172.19.0.3","TCP","1516","9002 → 43520 [PSH, ACK] Seq=394221 Ack=24291 Win=65535 Len=1460 [TCP segment of a reassembled PDU]"
"9.758876","5.9.29.183","172.19.0.3","TLSv1.2","1516","Application Data [TCP segment of a reassembled PDU]"
"9.758878","5.9.29.183","172.19.0.3","TCP","1516","9002 → 43520 [PSH, ACK] Seq=397141 Ack=24291 Win=65535 Len=1460 [TCP segment of a reassembled PDU]"
"9.758880","5.9.29.183","172.19.0.3","TCP","1456","9002 → 43520 [PSH, ACK] Seq=398601 Ack=24291 Win=65535 Len=1400 [TCP segment of a reassembled PDU]"
"9.758967","172.19.0.3","5.9.29.183","TCP","56","43520 → 9002 [ACK] Seq=24291 Ack=400001 Win=8426 Len=0"
"9.778049","5.9.29.183","172.19.0.3","TLSv1.2","1516","Application Data, Application Data"
"9.778097","5.9.29.183","172.19.0.3","TCP","1492","9002 → 43520 [PSH, ACK] Seq=401461 Ack=24291 Win=65535 Len=1436 [TCP segment of a reassembled PDU]"
"9.778109","172.19.0.3","5.9.29.183","TCP","56","43520 → 9002 [ACK] Seq=24291 Ack=402897 Win=8458 Len=0"
"9.778112","5.9.29.183","172.19.0.3","TCP","1516","9002 → 43520 [PSH, ACK] Seq=402897 Ack=24291 Win=65535 Len=1460 [TCP segment of a reassembled PDU]"
"9.778115","5.9.29.183","172.19.0.3","TLSv1.2","1492","Application Data [TCP segment of a reassembled PDU]"
"9.778180","5.9.29.183","172.19.0.3","TCP","1504","9002 → 43520 [PSH, ACK] Seq=405793 Ack=24291 Win=65535 Len=1448 [TCP segment of a reassembled PDU]"
"9.778232","172.19.0.3","5.9.29.183","TCP","56","43520 → 9002 [ACK] Seq=24291 Ack=407241 Win=8434 Len=0"
"9.778431","172.19.0.3","5.9.29.183","TLSv1.2","599","Application Data"
"9.778443","5.9.29.183","172.19.0.3","TCP","1516","9002 → 43520 [PSH, ACK] Seq=407241 Ack=24291 Win=65535 Len=1460 [TCP segment of a reassembled PDU]"
"9.778446","5.9.29.183","172.19.0.3","TLSv1.2","738","Application Data, Application Data"
"9.778491","172.19.0.3","5.9.29.183","TCP","56","43520 → 9002 [ACK] Seq=24834 Ack=409383 Win=8418 Len=0"
"9.778619","5.9.29.183","172.19.0.3","TCP","56","9002 → 43520 [ACK] Seq=409383 Ack=24834 Win=65535 Len=0"
"9.788127","172.19.0.3","5.9.29.183","TLSv1.2","1113","Application Data"
"9.788382","5.9.29.183","172.19.0.3","TCP","56","9002 → 43520 [ACK] Seq=409383 Ack=25891 Win=65535 Len=0"
"9.804713","5.9.29.183","172.19.0.3","TLSv1.2","599","Application Data"
"9.845204","172.19.0.3","5.9.29.183","TCP","56","43520 → 9002 [ACK] Seq=25891 Ack=409926 Win=8466 Len=0"
"10.112683","5.9.29.183","172.19.0.3","TLSv1.2","599","Application Data"
"10.112731","172.19.0.3","5.9.29.183","TCP","56","43520 → 9002 [ACK] Seq=25891 Ack=410469 Win=8466 Len=0"
"10.113309","172.19.0.3","5.9.29.183","TLSv1.2","599","Application Data"
"10.113484","5.9.29.183","172.19.0.3","TCP","56","9002 → 43520 [ACK] Seq=410469 Ack=26434 Win=65535 Len=0"
"10.469157","5.9.29.183","172.19.0.3","TLSv1.2","599","Application Data"
"10.510437","172.19.0.3","5.9.29.183","TCP","56","43520 → 9002 [ACK] Seq=26434 Ack=411012 Win=8466 Len=0"
"10.511857","5.9.29.183","172.19.0.3","TCP","1516","[TCP segment of a reassembled PDU]"
"10.511878","172.19.0.3","5.9.29.183","TCP","56","43520 → 9002 [ACK] Seq=26434 Ack=412472 Win=8466 Len=0"
"10.511921","5.9.29.183","172.19.0.3","TCP","1516","9002 → 43520 [PSH, ACK] Seq=412472 Ack=26434 Win=65535 Len=1460 [TCP segment of a reassembled PDU]"
"10.511938","172.19.0.3","5.9.29.183","TCP","56","43520 → 9002 [ACK] Seq=26434 Ack=413932 Win=8458 Len=0"
"10.512112","5.9.29.183","172.19.0.3","TLSv1.2","763","Application Data"
"10.512134","172.19.0.3","5.9.29.183","TCP","56","43520 → 9002 [ACK] Seq=26434 Ack=414639 Win=8466 Len=0"
"10.526370","5.9.29.183","172.19.0.3","TCP","1516","[TCP segment of a reassembled PDU]"
"10.526387","172.19.0.3","5.9.29.183","TCP","56","43520 → 9002 [ACK] Seq=26434 Ack=416099 Win=8466 Len=0"
"10.526437","5.9.29.183","172.19.0.3","TCP","1492","9002 → 43520 [PSH, ACK] Seq=416099 Ack=26434 Win=65535 Len=1436 [TCP segment of a reassembled PDU]"
"10.526446","172.19.0.3","5.9.29.183","TCP","56","43520 → 9002 [ACK] Seq=26434 Ack=417535 Win=8458 Len=0"
"10.537054","5.9.29.183","172.19.0.3","TLSv1.2","787","Application Data"
"10.537071","172.19.0.3","5.9.29.183","TCP","56","43520 → 9002 [ACK] Seq=26434 Ack=418266 Win=8466 Len=0"
"10.563476","5.9.29.183","172.19.0.3","TCP","1504","[TCP segment of a reassembled PDU]"
"10.563499","172.19.0.3","5.9.29.183","TCP","56","43520 → 9002 [ACK] Seq=26434 Ack=419714 Win=8466 Len=0"
"10.563554","5.9.29.183","172.19.0.3","TCP","1504","9002 → 43520 [PSH, ACK] Seq=419714 Ack=26434 Win=65535 Len=1448 [TCP segment of a reassembled PDU]"
"10.563563","172.19.0.3","5.9.29.183","TCP","56","43520 → 9002 [ACK] Seq=26434 Ack=421162 Win=8458 Len=0"
"10.563615","5.9.29.183","172.19.0.3","TLSv1.2","787","Application Data"
"10.563621","172.19.0.3","5.9.29.183","TCP","56","43520 → 9002 [ACK] Seq=26434 Ack=421893 Win=8453 Len=0"
"10.600252","5.9.29.183","172.19.0.3","TCP","1516","[TCP segment of a reassembled PDU]"
"10.600282","172.19.0.3","5.9.29.183","TCP","56","43520 → 9002 [ACK] Seq=26434 Ack=423353 Win=8466 Len=0"
"10.600329","5.9.29.183","172.19.0.3","TCP","269","9002 → 43520 [PSH, ACK] Seq=423353 Ack=26434 Win=65535 Len=213 [TCP segment of a reassembled PDU]"
"10.600339","172.19.0.3","5.9.29.183","TCP","56","43520 → 9002 [ACK] Seq=26434 Ack=423566 Win=8465 Len=0"
"10.600340","5.9.29.183","172.19.0.3","TCP","1516","9002 → 43520 [PSH, ACK] Seq=423566 Ack=26434 Win=65535 Len=1460 [TCP segment of a reassembled PDU]"
"10.600344","172.19.0.3","5.9.29.183","TCP","56","43520 → 9002 [ACK] Seq=26434 Ack=425026 Win=8454 Len=0"
"10.600345","5.9.29.183","172.19.0.3","TLSv1.2","550","Application Data"
"10.600355","172.19.0.3","5.9.29.183","TCP","56","43520 → 9002 [ACK] Seq=26434 Ack=425520 Win=8451 Len=0"
"10.621244","5.9.29.183","172.19.0.3","TCP","1516","[TCP segment of a reassembled PDU]"
"10.621263","172.19.0.3","5.9.29.183","TCP","56","43520 → 9002 [ACK] Seq=26434 Ack=426980 Win=8466 Len=0"
"10.621314","5.9.29.183","172.19.0.3","TCP","1516","9002 → 43520 [PSH, ACK] Seq=426980 Ack=26434 Win=65535 Len=1460 [TCP segment of a reassembled PDU]"
"10.621327","172.19.0.3","5.9.29.183","TCP","56","43520 → 9002 [ACK] Seq=26434 Ack=428440 Win=8458 Len=0"
"10.621329","5.9.29.183","172.19.0.3","TLSv1.2","1516","Application Data [TCP segment of a reassembled PDU]"
"10.621335","5.9.29.183","172.19.0.3","TCP","1516","9002 → 43520 [PSH, ACK] Seq=429900 Ack=26434 Win=65535 Len=1460 [TCP segment of a reassembled PDU]"
"10.621337","5.9.29.183","172.19.0.3","TCP","1516","9002 → 43520 [PSH, ACK] Seq=431360 Ack=26434 Win=65535 Len=1460 [TCP segment of a reassembled PDU]"
"10.621339","5.9.29.183","172.19.0.3","TLSv1.2","1516","Application Data [TCP segment of a reassembled PDU]"
"10.621344","5.9.29.183","172.19.0.3","TLSv1.2","121","Application Data"
"10.621415","172.19.0.3","5.9.29.183","TCP","56","43520 → 9002 [ACK] Seq=26434 Ack=434345 Win=8422 Len=0"
"10.643841","5.9.29.183","172.19.0.3","TCP","1516","[TCP segment of a reassembled PDU]"
"10.643888","5.9.29.183","172.19.0.3","TCP","1492","9002 → 43520 [PSH, ACK] Seq=435805 Ack=26434 Win=65535 Len=1436 [TCP segment of a reassembled PDU]"
"10.643900","172.19.0.3","5.9.29.183","TCP","56","43520 → 9002 [ACK] Seq=26434 Ack=437241 Win=8458 Len=0"
"10.643902","5.9.29.183","172.19.0.3","TLSv1.2","1516","Application Data [TCP segment of a reassembled PDU]"
"10.644008","5.9.29.183","172.19.0.3","TCP","1516","9002 → 43520 [PSH, ACK] Seq=438701 Ack=26434 Win=65535 Len=1460 [TCP segment of a reassembled PDU]"
"10.644012","5.9.29.183","172.19.0.3","TCP","1480","9002 → 43520 [PSH, ACK] Seq=440161 Ack=26434 Win=65535 Len=1424 [TCP segment of a reassembled PDU]"
"10.644014","5.9.29.183","172.19.0.3","TLSv1.2","1516","Application Data [TCP segment of a reassembled PDU]"
"10.644045","5.9.29.183","172.19.0.3","TLSv1.2","181","Application Data"
"10.644181","172.19.0.3","5.9.29.183","TLSv1.2","1113","Application Data"
"10.644331","5.9.29.183","172.19.0.3","TCP","56","9002 → 43520 [ACK] Seq=443170 Ack=27491 Win=65535 Len=0"
"10.657689","5.9.29.183","172.19.0.3","TCP","1504","[TCP segment of a reassembled PDU]"
"10.657736","5.9.29.183","172.19.0.3","TCP","1504","9002 → 43520 [PSH, ACK] Seq=444618 Ack=27491 Win=65535 Len=1448 [TCP segment of a reassembled PDU]"
"10.657748","172.19.0.3","5.9.29.183","TCP","56","43520 → 9002 [ACK] Seq=27491 Ack=446066 Win=8458 Len=0"
"10.665326","5.9.29.183","172.19.0.3","TLSv1.2","787","Application Data"
"10.666973","5.9.29.183","172.19.0.3","TCP","1504","[TCP segment of a reassembled PDU]"
"10.667018","172.19.0.3","5.9.29.183","TCP","56","43520 → 9002 [ACK] Seq=27491 Ack=448245 Win=8466 Len=0"
"10.667079","5.9.29.183","172.19.0.3","TCP","1516","9002 → 43520 [PSH, ACK] Seq=448245 Ack=27491 Win=65535 Len=1460 [TCP segment of a reassembled PDU]"
"10.667127","5.9.29.183","172.19.0.3","TLSv1.2","1492","Application Data [TCP segment of a reassembled PDU]"
"10.667322","5.9.29.183","172.19.0.3","TCP","1516","9002 → 43520 [PSH, ACK] Seq=451141 Ack=27491 Win=65535 Len=1460 [TCP segment of a reassembled PDU]"
"10.667330","5.9.29.183","172.19.0.3","TCP","1516","9002 → 43520 [PSH, ACK] Seq=452601 Ack=27491 Win=65535 Len=1460 [TCP segment of a reassembled PDU]"
"10.667333","5.9.29.183","172.19.0.3","TLSv1.2","1516","Application Data [TCP segment of a reassembled PDU]"
"10.667336","5.9.29.183","172.19.0.3","TCP","1468","9002 → 43520 [PSH, ACK] Seq=455521 Ack=27491 Win=65535 Len=1412 [TCP segment of a reassembled PDU]"
"10.667379","172.19.0.3","5.9.29.183","TCP","56","43520 → 9002 [ACK] Seq=27491 Ack=456933 Win=8416 Len=0"
"10.681159","5.9.29.183","172.19.0.3","TLSv1.2","1315","Application Data"
"10.696585","5.9.29.183","172.19.0.3","TCP","1504","[TCP segment of a reassembled PDU]"
"10.696602","172.19.0.3","5.9.29.183","TCP","56","43520 → 9002 [ACK] Seq=27491 Ack=459640 Win=8466 Len=0"
"10.696638","5.9.29.183","172.19.0.3","TCP","1504","9002 → 43520 [PSH, ACK] Seq=459640 Ack=27491 Win=65535 Len=1448 [TCP segment of a reassembled PDU]"
"10.696800","5.9.29.183","172.19.0.3","TLSv1.2","1330","Application Data, Application Data"
"10.696808","172.19.0.3","5.9.29.183","TCP","56","43520 → 9002 [ACK] Seq=27491 Ack=462362 Win=8466 Len=0"
"10.697110","172.19.0.3","5.9.29.183","TLSv1.2","599","Application Data"
"10.697254","5.9.29.183","172.19.0.3","TCP","56","9002 → 43520 [ACK] Seq=462362 Ack=28034 Win=65535 Len=0"
"10.707587","5.9.29.183","172.19.0.3","TCP","1516","[TCP segment of a reassembled PDU]"
"10.707649","5.9.29.183","172.19.0.3","TCP","1516","9002 → 43520 [PSH, ACK] Seq=463822 Ack=28034 Win=65535 Len=1460 [TCP segment of a reassembled PDU]"
"10.707666","5.9.29.183","172.19.0.3","TLSv1.2","1480","Application Data [TCP segment of a reassembled PDU]"
"10.707729","5.9.29.183","172.19.0.3","TCP","1504","9002 → 43520 [PSH, ACK] Seq=466706 Ack=28034 Win=65535 Len=1448 [TCP segment of a reassembled PDU]"
"10.707756","172.19.0.3","5.9.29.183","TCP","56","43520 → 9002 [ACK] Seq=28034 Ack=468154 Win=8442 Len=0"
"10.730097","5.9.29.183","172.19.0.3","TLSv1.2","1004","Application Data"
"10.730509","5.9.29.183","172.19.0.3","TCP","1516","[TCP segment of a reassembled PDU]"
"10.730517","172.19.0.3","5.9.29.183","TCP","56","43520 → 9002 [ACK] Seq=28034 Ack=470562 Win=8466 Len=0"
"10.730542","5.9.29.183","172.19.0.3","TCP","1492","9002 → 43520 [PSH, ACK] Seq=470562 Ack=28034 Win=65535 Len=1436 [TCP segment of a reassembled PDU]"
"10.730595","5.9.29.183","172.19.0.3","TLSv1.2","1516","Application Data [TCP segment of a reassembled PDU]"
"10.730608","172.19.0.3","5.9.29.183","TCP","56","43520 → 9002 [ACK] Seq=28034 Ack=473458 Win=8450 Len=0"
"10.730709","5.9.29.183","172.19.0.3","TCP","1516","9002 → 43520 [PSH, ACK] Seq=473458 Ack=28034 Win=65535 Len=1460 [TCP segment of a reassembled PDU]"
"10.730713","5.9.29.183","172.19.0.3","TCP","1480","9002 → 43520 [PSH, ACK] Seq=474918 Ack=28034 Win=65535 Len=1424 [TCP segment of a reassembled PDU]"
"10.730729","172.19.0.3","5.9.29.183","TCP","56","43520 → 9002 [ACK] Seq=28034 Ack=476342 Win=8434 Len=0"
"10.742002","5.9.29.183","172.19.0.3","TLSv1.2","1516","Application Data [TCP segment of a reassembled PDU]"
"10.742048","5.9.29.183","172.19.0.3","TCP","1516","9002 → 43520 [PSH, ACK] Seq=477802 Ack=28034 Win=65535 Len=1460 [TCP segment of a reassembled PDU]"
"10.742060","172.19.0.3","5.9.29.183","TCP","56","43520 → 9002 [ACK] Seq=28034 Ack=479262 Win=8458 Len=0"
"10.742062","5.9.29.183","172.19.0.3","TLSv1.2","1480","Application Data [TCP segment of a reassembled PDU]"
"10.753106","5.9.29.183","172.19.0.3","TLSv1.2","1438","Application Data"
"10.753124","172.19.0.3","5.9.29.183","TCP","56","43520 → 9002 [ACK] Seq=28034 Ack=482068 Win=8466 Len=0"
"10.757126","172.19.0.3","5.9.29.183","TLSv1.2","599","Application Data"
"10.757360","5.9.29.183","172.19.0.3","TCP","56","9002 → 43520 [ACK] Seq=482068 Ack=28577 Win=65535 Len=0"
"11.103520","5.9.29.183","172.19.0.3","TLSv1.2","599","Application Data"
"11.104325","172.19.0.3","5.9.29.183","TLSv1.2","599","Application Data"
"11.104522","5.9.29.183","172.19.0.3","TCP","56","9002 → 43520 [ACK] Seq=482611 Ack=29120 Win=65535 Len=0"
"11.474350","5.9.29.183","172.19.0.3","TLSv1.2","599","Application Data"
"11.484398","5.9.29.183","172.19.0.3","TCP","1516","[TCP segment of a reassembled PDU]"
"11.484415","172.19.0.3","5.9.29.183","TCP","56","43520 → 9002 [ACK] Seq=29120 Ack=484614 Win=8466 Len=0"
"11.484426","5.9.29.183","172.19.0.3","TCP","1492","9002 → 43520 [PSH, ACK] Seq=484614 Ack=29120 Win=65535 Len=1436 [TCP segment of a reassembled PDU]"
"11.484433","5.9.29.183","172.19.0.3","TLSv1.2","1516","Application Data [TCP segment of a reassembled PDU]"
"11.484435","5.9.29.183","172.19.0.3","TCP","1516","9002 → 43520 [PSH, ACK] Seq=487510 Ack=29120 Win=65535 Len=1460 [TCP segment of a reassembled PDU]"
"11.484437","5.9.29.183","172.19.0.3","TCP","188","9002 → 43520 [PSH, ACK] Seq=488970 Ack=29120 Win=65535 Len=132 [TCP segment of a reassembled PDU]"
"11.484439","5.9.29.183","172.19.0.3","TCP","1348","9002 → 43520 [PSH, ACK] Seq=489102 Ack=29120 Win=65535 Len=1292 [TCP segment of a reassembled PDU]"
"11.484566","172.19.0.3","5.9.29.183","TCP","56","43520 → 9002 [ACK] Seq=29120 Ack=490394 Win=8426 Len=0"
"11.494274","5.9.29.183","172.19.0.3","TLSv1.2","70","Application Data"
"11.494551","172.19.0.3","5.9.29.183","TLSv1.2","599","Application Data"
"11.494746","5.9.29.183","172.19.0.3","TCP","56","9002 → 43520 [ACK] Seq=490408 Ack=29663 Win=65535 Len=0"
"11.524233","5.9.29.183","172.19.0.3","TCP","1504","[TCP segment of a reassembled PDU]"
"11.524369","5.9.29.183","172.19.0.3","TCP","1516","9002 → 43520 [PSH, ACK] Seq=491856 Ack=29663 Win=65535 Len=1460 [TCP segment of a reassembled PDU]"
"11.524374","5.9.29.183","172.19.0.3","TLSv1.2","1225","Application Data"
"11.524412","172.19.0.3","5.9.29.183","TCP","56","43520 → 9002 [ACK] Seq=29663 Ack=494485 Win=8450 Len=0"
"11.532219","5.9.29.183","172.19.0.3","TLSv1.2","1516","Application Data"
"11.532242","5.9.29.183","172.19.0.3","TCP","1516","9002 → 43520 [PSH, ACK] Seq=495945 Ack=29663 Win=65535 Len=1460 [TCP segment of a reassembled PDU]"
"11.532251","172.19.0.3","5.9.29.183","TCP","56","43520 → 9002 [ACK] Seq=29663 Ack=497405 Win=8458 Len=0"
"11.532253","5.9.29.183","172.19.0.3","TLSv1.2","1480","Application Data [TCP segment of a reassembled PDU]"
"11.532255","5.9.29.183","172.19.0.3","TCP","1516","9002 → 43520 [PSH, ACK] Seq=498829 Ack=29663 Win=65535 Len=1460 [TCP segment of a reassembled PDU]"
"11.532257","5.9.29.183","172.19.0.3","TCP","1492","9002 → 43520 [PSH, ACK] Seq=500289 Ack=29663 Win=65535 Len=1436 [TCP segment of a reassembled PDU]"
"11.532373","172.19.0.3","5.9.29.183","TCP","56","43520 → 9002 [ACK] Seq=29663 Ack=501725 Win=8434 Len=0"
"11.544626","5.9.29.183","172.19.0.3","TLSv1.2","163","Application Data"
"11.552489","5.9.29.183","172.19.0.3","TCP","1516","[TCP segment of a reassembled PDU]"
"11.552506","172.19.0.3","5.9.29.183","TCP","56","43520 → 9002 [ACK] Seq=29663 Ack=503292 Win=8466 Len=0"
"11.552518","5.9.29.183","172.19.0.3","TCP","1492","9002 → 43520 [PSH, ACK] Seq=503292 Ack=29663 Win=65535 Len=1436 [TCP segment of a reassembled PDU]"
"11.564049","5.9.29.183","172.19.0.3","TLSv1.2","1330","Application Data, Application Data"
"11.564161","172.19.0.3","5.9.29.183","TCP","56","43520 → 9002 [ACK] Seq=29663 Ack=506002 Win=8464 Len=0"
"11.568403","5.9.29.183","172.19.0.3","TCP","1516","[TCP segment of a reassembled PDU]"
"11.568427","5.9.29.183","172.19.0.3","TCP","1516","9002 → 43520 [PSH, ACK] Seq=507462 Ack=29663 Win=65535 Len=1460 [TCP segment of a reassembled PDU]"
"11.568430","5.9.29.183","172.19.0.3","TLSv1.2","1516","Application Data [TCP segment of a reassembled PDU]"
"11.568432","5.9.29.183","172.19.0.3","TCP","1516","9002 → 43520 [PSH, ACK] Seq=510382 Ack=29663 Win=65535 Len=1460 [TCP segment of a reassembled PDU]"
"11.568434","5.9.29.183","172.19.0.3","TCP","1456","9002 → 43520 [PSH, ACK] Seq=511842 Ack=29663 Win=65535 Len=1400 [TCP segment of a reassembled PDU]"
"11.568522","5.9.29.183","172.19.0.3","TLSv1.2","1504","Application Data [TCP segment of a reassembled PDU]"
"11.568589","172.19.0.3","5.9.29.183","TCP","56","43520 → 9002 [ACK] Seq=29663 Ack=514690 Win=8426 Len=0"
"11.568778","172.19.0.3","5.9.29.183","TLSv1.2","599","Application Data"
"11.568965","5.9.29.183","172.19.0.3","TCP","56","9002 → 43520 [ACK] Seq=514690 Ack=30206 Win=65535 Len=0"
"11.583339","5.9.29.183","172.19.0.3","TLSv1.2","193","Application Data"
"11.619285","5.9.29.183","172.19.0.3","TCP","1516","[TCP segment of a reassembled PDU]"
"11.619305","172.19.0.3","5.9.29.183","TCP","56","43520 → 9002 [ACK] Seq=30206 Ack=516287 Win=8466 Len=0"
"11.619324","5.9.29.183","172.19.0.3","TCP","1492","9002 → 43520 [PSH, ACK] Seq=516287 Ack=30206 Win=65535 Len=1436 [TCP segment of a reassembled PDU]"
"11.619329","5.9.29.183","172.19.0.3","TLSv1.2","1237","Application Data"
"11.619474","172.19.0.3","5.9.29.183","TCP","56","43520 → 9002 [ACK] Seq=30206 Ack=518904 Win=8450 Len=0"
"11.631405","5.9.29.183","172.19.0.3","TLSv1.2","1516","Application Data"
"11.631429","5.9.29.183","172.19.0.3","TCP","1492","9002 → 43520 [PSH, ACK] Seq=520364 Ack=30206 Win=65535 Len=1436 [TCP segment of a reassembled PDU]"
"11.631439","172.19.0.3","5.9.29.183","TCP","56","43520 → 9002 [ACK] Seq=30206 Ack=521800 Win=8458 Len=0"
"11.631441","5.9.29.183","172.19.0.3","TCP","1516","9002 → 43520 [PSH, ACK] Seq=521800 Ack=30206 Win=65535 Len=1460 [TCP segment of a reassembled PDU]"
"11.631443","5.9.29.183","172.19.0.3","TLSv1.2","1516","Application Data [TCP segment of a reassembled PDU]"
"11.631528","5.9.29.183","172.19.0.3","TCP","1516","9002 → 43520 [PSH, ACK] Seq=524720 Ack=30206 Win=65535 Len=1460 [TCP segment of a reassembled PDU]"
"11.631534","5.9.29.183","172.19.0.3","TCP","1468","9002 → 43520 [PSH, ACK] Seq=526180 Ack=30206 Win=65535 Len=1412 [TCP segment of a reassembled PDU]"
"11.631536","5.9.29.183","172.19.0.3","TLSv1.2","1516","Application Data [TCP segment of a reassembled PDU]"
"11.631617","172.19.0.3","5.9.29.183","TCP","56","43520 → 9002 [ACK] Seq=30206 Ack=529052 Win=8418 Len=0"
"11.631692","5.9.29.183","172.19.0.3","TCP","1516","9002 → 43520 [PSH, ACK] Seq=529052 Ack=30206 Win=65535 Len=1460 [TCP segment of a reassembled PDU]"
"11.631707","5.9.29.183","172.19.0.3","TCP","1480","9002 → 43520 [PSH, ACK] Seq=530512 Ack=30206 Win=65535 Len=1424 [TCP segment of a reassembled PDU]"
"11.631790","172.19.0.3","5.9.29.183","TCP","56","43520 → 9002 [ACK] Seq=30206 Ack=531936 Win=8402 Len=0"
"11.651457","5.9.29.183","172.19.0.3","TLSv1.2","597","Application Data, Application Data"
"11.651481","5.9.29.183","172.19.0.3","TCP","1516","[TCP segment of a reassembled PDU]"
"11.651491","172.19.0.3","5.9.29.183","TCP","56","43520 → 9002 [ACK] Seq=30206 Ack=533937 Win=8456 Len=0"
"11.651492","5.9.29.183","172.19.0.3","TCP","1516","9002 → 43520 [PSH, ACK] Seq=533937 Ack=30206 Win=65535 Len=1460 [TCP segment of a reassembled PDU]"
"11.651495","5.9.29.183","172.19.0.3","TLSv1.2","1480","Application Data [TCP segment of a reassembled PDU]"
"11.651497","5.9.29.183","172.19.0.3","TCP","1516","9002 → 43520 [PSH, ACK] Seq=536821 Ack=30206 Win=65535 Len=1460 [TCP segment of a reassembled PDU]"
"11.651499","5.9.29.183","172.19.0.3","TCP","1492","9002 → 43520 [PSH, ACK] Seq=538281 Ack=30206 Win=65535 Len=1436 [TCP segment of a reassembled PDU]"
"11.651574","5.9.29.183","172.19.0.3","TLSv1.2","1504","Application Data [TCP segment of a reassembled PDU]"
"11.651631","172.19.0.3","5.9.29.183","TCP","56","43520 → 9002 [ACK] Seq=30206 Ack=541165 Win=8416 Len=0"
"11.652055","172.19.0.3","5.9.29.183","TLSv1.2","599","Application Data"
"11.652210","5.9.29.183","172.19.0.3","TCP","56","9002 → 43520 [ACK] Seq=541165 Ack=30749 Win=65535 Len=0"
"11.675610","5.9.29.183","172.19.0.3","TLSv1.2","707","Application Data"
"11.675671","5.9.29.183","172.19.0.3","TCP","1516","[TCP segment of a reassembled PDU]"
"11.675688","172.19.0.3","5.9.29.183","TCP","56","43520 → 9002 [ACK] Seq=30749 Ack=543276 Win=8458 Len=0"
"11.675691","5.9.29.183","172.19.0.3","TCP","1516","9002 → 43520 [PSH, ACK] Seq=543276 Ack=30749 Win=65535 Len=1460 [TCP segment of a reassembled PDU]"
"11.675696","5.9.29.183","172.19.0.3","TLSv1.2","1516","Application Data [TCP segment of a reassembled PDU]"
"11.675807","5.9.29.183","172.19.0.3","TCP","1468","9002 → 43520 [PSH, ACK] Seq=546196 Ack=30749 Win=65535 Len=1412 [TCP segment of a reassembled PDU]"
"11.675815","5.9.29.183","172.19.0.3","TCP","1504","9002 → 43520 [PSH, ACK] Seq=547608 Ack=30749 Win=65535 Len=1448 [TCP segment of a reassembled PDU]"
"11.675880","172.19.0.3","5.9.29.183","TCP","56","43520 → 9002 [ACK] Seq=30749 Ack=549056 Win=8426 Len=0"
"11.676239","172.19.0.3","5.9.29.183","TLSv1.2","599","Application Data"
"11.676698","5.9.29.183","172.19.0.3","TCP","56","9002 → 43520 [ACK] Seq=549056 Ack=31292 Win=65535 Len=0"
"11.689597","5.9.29.183","172.19.0.3","TLSv1.2","1516","Application Data [TCP segment of a reassembled PDU]"
"11.689621","5.9.29.183","172.19.0.3","TCP","1516","9002 → 43520 [PSH, ACK] Seq=550516 Ack=31292 Win=65535 Len=1460 [TCP segment of a reassembled PDU]"
"11.689630","172.19.0.3","5.9.29.183","TCP","56","43520 → 9002 [ACK] Seq=31292 Ack=551976 Win=8458 Len=0"
"11.689632","5.9.29.183","172.19.0.3","TLSv1.2","1516","Application Data [TCP segment of a reassembled PDU]"
"11.689634","5.9.29.183","172.19.0.3","TCP","1258","9002 → 43520 [PSH, ACK] Seq=553436 Ack=31292 Win=65535 Len=1202 [TCP segment of a reassembled PDU]"
"11.689636","5.9.29.183","172.19.0.3","TCP","1516","9002 → 43520 [PSH, ACK] Seq=554638 Ack=31292 Win=65535 Len=1460 [TCP segment of a reassembled PDU]"
"11.689638","5.9.29.183","172.19.0.3","TCP","254","9002 → 43520 [PSH, ACK] Seq=556098 Ack=31292 Win=65535 Len=198 [TCP segment of a reassembled PDU]"
"11.689755","172.19.0.3","5.9.29.183","TCP","56","43520 → 9002 [ACK] Seq=31292 Ack=556296 Win=8426 Len=0"
"11.700455","5.9.29.183","172.19.0.3","TLSv1.2","598","Application Data"
"11.741289","172.19.0.3","5.9.29.183","TCP","56","43520 → 9002 [ACK] Seq=31292 Ack=556838 Win=8466 Len=0"
